500 1899 214351.5 215158.5 218104.0 1461274 216457.76
1000 632119 807895.5 818449 828358.5 878913 811001.24
1500 8868 1382672.5 1789221.0 1810887.0 3675981 1638606.94
2000 16352 2488358.25 3039004.0 3179019.75 5109527 2865146.60
2500 267080 3813834.75 4637851.0 4943473.75 6678734 4442007.88
3000 2576469 6070190.0 6860337 7340565.0 9064346 6727579.14
3500 4641873 7880858.75 9155187.5 9746032.75 14982986 8826656.75
4000 7282382 11086626.0 12092739 12571562.0 15809486 11857864.03
4500 12014461 14799715.0 15359933 16044916.0 17002329 15301057.84
5000 15317070 17389172.0 18928211 19972454.0 20994152 18683815.38
5500 19816277 22011542.25 22808447.5 23717176.0 28100033 22858136.72
6000 22899686 27253553.0 27917526 28606447.0 33577890 27927496.74
6500 29783994 32103268.5 32516762 33664784.5 36682615 32835915.52
7000 32712906 35300973.0 37159593 37673962.0 42568520 36863850.45
7500 37934123 41681051.0 42241332.5 43967110.25 49134429 42706296.61
8000 45501280 47661523.5 49141260.5 49877501.75 53991069 48931893.44
8500 52193528 53475874.0 55299398 56428576.5 58782534 55086760.46
9000 59596601 61683098.0 63045414.0 64394835.0 64951113 62816315.30
9500 63756223 67301128.5 67949459.5 69830308.25 77643710 68843119.95
10000 74744670 77062744.75 78000550.0 79141841.0 79734450 77904215.90
