349
371
361
380
354
354
367
360
430
224
347
328
368
317
1138
351
366
356
369
1148
365
374
373
363
370
361
367
365
353
323
789
178
368
329
354
412
358
356
360
365
313
312
364
366
367
356
364
356
361
367
369
368
363
261
366
356
355
368
275
354
356
354
370
313
336
366
356
368
355
369
492
370
371
589
356
358
370
371
365
360
357
368
354
329
371
356
369
370
367
416
372
356
367
428
374
289
357
368
354
364
1086
360
397
367
365
372
408
369
393
378
364
356
356
367
388
369
366
366
377
351
364
366
357
370
353
1118
477
367
356
362
360
356
370
455
358
653
364
361
368
376
594
369
355
364
364
637
342
369
371
377
356
336
365
334
368
364
355
368
356
367
414
441
371
382
387
351
363
361
357
296
329
356
369
357
374
356
373
359
500
386
366
368
401
367
356
370
368
342
374
371
367
355
365
1296
363
356
377
356
222
363
178
205
368
372
369
367
382
408
369
368
370
386
365
204
367
370
400
356
222
358
365
366
371
389
353
328
355
368
357
443
355
188
274
367
366
1114
409
368
370
365
354
374
355
339
367
368
628
365
466
355
356
357
355
353
374
362
355
357
370
358
366
355
367
356
355
366
331
358
366
364
357
366
356
365
367
387
357
239
371
360
366
367
365
311
361
357
269
327
374
327
362
365
396
483
368
378
251
364
379
367
1224
366
218
402
377
355
382
366
355
286
357
167
358
405
367
362
372
462
367
361
365
353
356
386
399
365
184
228
364
337
353
363
368
363
408
403
352
247
395
352
353
368
242
375
456
364
399
367
323
372
357
376
372
368
168
362
228
363
361
318
338
391
366
1054
367
366
355
362
347
367
366
397
365
356
356
361
363
354
395
361
367
371
365
371
421
369
398
369
355
368
368
384
365
357
365
367
398
360
366
368
319
364
363
297
363
365
353
355
298
355
366
366
378
370
367
378
363
370
1111
363
342
357
376
364
361
360
381
368
368
363
377
574
242
365
377
365
302
401
365
364
367
330
359
337
358
356
372
381
367
366
427
364
380
303
396
489
366
1024
403
364
364
371
386
149
371
367
364
349
348
356
369
356
366
394
282
364
356
674
371
373
378
357
370
368
338
365
366
335
368
361
378
373
358
384
334
383
379
369
357
367
1176
356
367
465
354
373
402
363
366
355
364
382
327
354
388
367
370
371
339
1026
358
365
317
356
355
374
364
57
364
396
338
360
367
375
356
333
400
366
331
363
355
367
355
172
368
380
369
365
358
117
364
376
356
367
364
356
366
357
479
364
390
363
284
358
409
364
364
358
364
368
315
356
250
363
374
357
368
355
366
363
357
370
361
412
354
364
364
362
352
373
353
354
365
222
364
374
1135
355
367
373
363
355
410
357
368
374
363
351
379
362
362
371
542
491
445
355
361
339
361
360
366
355
373
397
427
353
364
365
427
355
358
371
365
387
371
354
332
413
373
376
364
365
366
416
417
371
355
403
342
438
375
299
371
353
399
353
373
198
361
363
373
374
535
419
360
379
377
372
363
369
354
379
369
366
1272
362
365
352
363
273
355
360
335
362
390
385
366
374
355
377
355
249
374
363
262
374
71
354
362
355
353
354
355
354
356
338
379
370
239
361
357
317
355
355
271
355
371
400
209
355
365
368
507
371
306
355
364
354
365
223
356
365
363
373
365
363
360
364
1015
362
361
366
328
364
359
380
338
113
419
358
513
368
364
370
356
236
364
362
382
354
362
395
371
378
369
367
365
367
359
373
294
354
675
354
353
396
412
591
365
365
365
354
356
356
375
370
366
357
365
364
501
366
364
354
368
364
366
337
366
368
374
363
366
358
314
355
355
363
357
375
358
365
379
367
358
356
420
371
152
1033
571
376
347
337
441
363
364
311
365
354
353
323
71
370
363
382
398
365
371
365
431
365
367
378
369
356
356
399
640
366
365
1242
369
382
355
406
453
407
356
364
364
364
346
105
366
373
369
362
366
330
124
364
362
361
338
354
369
372
361
355
375
591
365
355
356
266
354
354
357
365
355
455
355
356
356
364
372
372
374
376
321
363
363
371
364
368
379
395
363
351
318
245
375
358
397
353
361
366
370
364
311
370
357
294
376
378
362
367
207
374
352
376
367
511
272
372
370
368
367
178
367
371
369
367
369
358
357
1124
369
450
314
369
364
369
1086
356
347
357
358
358
338
393
367
310
358
325
357
357
350
354
366
364
365
398
348
358
363
346
373
344
362
359
377
370
366
368
369
356
376
354
294
360
1059
362
357
372
371
469
367
356
