808
748
1499
881
833
885
1091
741
787
808
815
592
859
769
1013
763
731
826
694
843
1541
1411
804
646
2064
513
1049
976
755
585
802
638
791
844
751
816
570
728
927
1590
821
838
1468
474
750
782
815
868
777
1031
827
892
743
645
593
770
673
653
804
752
677
739
757
863
969
609
654
844
651
1542
794
724
1356
514
591
972
782
699
762
1545
813
798
1210
1202
796
811
719
783
833
780
674
802
745
568
755
736
496
918
570
837
1577
872
750
1834
740
685
613
826
801
1092
771
774
800
825
829
624
483
639
856
793
1550
1242
840
859
857
697
664
603
751
824
1539
1035
769
885
812
1518
788
655
553
690
881
1665
741
810
1151
959
667
652
862
709
571
1490
870
863
715
898
837
797
811
1605
785
598
765
901
786
800
877
588
684
603
803
835
851
1354
779
1331
770
638
809
773
610
776
1018
728
837
771
837
792
819
1466
710
520
1559
758
795
1007
656
807
821
767
744
1471
780
660
1361
740
846
886
595
806
956
458
733
819
798
729
1676
764
799
1243
810
813
845
825
797
777
1582
774
1542
506
2012
674
866
1612
809
752
814
777
758
800
435
972
1541
791
787
804
1417
798
722
430
637
614
1511
859
743
801
825
1514
962
833
779
811
790
689
1423
1017
1476
775
859
763
917
706
808
632
600
602
506
736
375
1294
680
1027
1107
404
833
636
1556
796
750
513
657
770
810
653
813
779
750
844
779
630
785
740
625
1368
920
787
646
757
1465
803
527
970
571
1609
818
1482
760
514
903
724
731
1313
782
1493
858
617
1276
850
791
840
766
747
806
794
613
1500
684
723
713
753
1480
862
782
904
757
828
756
643
688
762
1005
689
413
677
613
613
938
602
1577
1278
763
760
890
1134
754
775
779
586
697
811
1457
730
752
794
371
1516
807
608
1460
551
796
744
735
836
802
855
1320
429
796
768
795
964
827
785
801
833
817
608
470
769
861
1296
923
644
797
841
806
746
1523
783
743
668
767
528
786
906
713
809
800
1384
785
763
523
836
797
1196
798
597
1518
802
744
759
927
635
749
807
1277
659
643
800
1219
776
811
659
751
624
796
834
701
740
820
589
677
640
1349
569
1496
798
913
602
653
831
759
639
598
803
694
1591
850
792
803
887
838
791
801
547
826
1580
725
801
715
880
1051
843
737
809
797
775
689
612
945
786
631
746
816
810
807
803
703
478
783
679
856
599
777
819
1367
767
1567
858
737
741
839
224
776
775
551
842
614
1364
797
784
828
814
748
1511
731
746
823
1035
796
778
545
790
674
1374
808
1343
810
955
852
807
798
570
1507
637
480
730
870
662
678
894
925
1084
1735
979
857
549
888
738
1504
799
602
1402
738
1561
826
705
1652
779
1312
797
622
647
756
775
719
831
813
600
745
772
722
821
1265
749
802
1296
629
830
819
810
1534
843
1070
744
578
1287
728
1792
811
643
1520
803
848
812
800
810
503
690
736
777
804
649
575
1546
753
623
1425
777
1536
860
794
670
848
835
665
571
1428
704
573
810
789
620
834
621
588
757
1541
852
805
745
741
824
766
1338
816
630
1579
838
756
1560
984
790
586
761
923
847
891
394
607
803
815
738
793
650
801
810
701
828
1543
780
805
785
713
1506
793
767
1557
778
793
623
343
758
984
728
664
797
828
842
1507
765
684
742
794
804
756
650
803
864
789
660
974
791
831
816
800
699
844
1377
978
946
774
661
770
664
781
1405
809
578
671
719
627
789
786
769
802
570
730
819
1185
737
1533
797
797
1263
723
657
797
911
804
844
842
812
774
606
820
568
1357
800
397
757
688
801
516
750
843
780
1471
740
876
826
771
801
826
929
807
1785
846
705
1534
805
753
806
796
767
760
809
828
462
1532
847
768
640
825
937
837
708
709
1670
788
861
486
1097
593
685
833
762
761
673
826
1375
594
712
623
729
767
1081
696
823
662
1444
820
967
755
333
567
1106
870
692
765
798
831
789
824
707
447
730
325
1639
838
767
1537
521
778
733
742
691
958
905
1248
741
1486
696
814
805
849
785
765
711
719
415
1479
632
760
868
1106
1392
505
842
791
794
1763
791
700
605
791
784
754
796
872
729
811
1613
741
1431
1149
687
734
779
922
813
801
1578
1075
707
747
726
1544
780
779
649
792
807
821
790
828
764
564
807
668
780
1213
981
595
780
804
771
1113
1588
773
703
553
1494
1324
797
770
1534
858
805
1562
835
768
764
828
904
660
817
789
747
951
802
772
594
821
677
1566
740
663
874
749
808
816
955
798
759
1065
1584
691
814
822
850
861
1665
897
740
800
758
802
785
805
592
1575
826
798
1084
785
801
962
1073
1291
825
1314
757
808
682
755
826
749
1536
834
1430
928
1444
818
800
914
874
889
643
820
788
618
731
749
818
693
782
1513
830
