1259
1008
1546
1205
2027
1609
1427
1480
1518
1587
1304
1329
1962
1337
1139
1017
1732
1207
1369
1701
1720
1527
1787
1424
2644
1360
1393
1439
1571
1217
1265
1494
1297
2080
1314
1273
1433
1239
1673
1231
1237
1320
1500
1415
1381
1321
1394
2283
1308
1429
1524
1435
1512
1293
1634
1063
1906
1533
1435
1356
1370
1171
1926
1556
1720
1357
1370
1307
1486
1451
1436
1594
1198
1428
1097
1147
1312
1704
1569
1276
1241
1357
1404
1566
1556
1483
1378
1603
1869
1406
1424
1770
1446
1733
1625
1219
2701
1290
1092
1449
1683
1521
1231
1155
2072
1345
1236
1384
985
1846
1701
2049
1421
1452
1815
1200
1570
1432
1427
1239
1417
1641
1204
1371
1436
1410
1989
1141
1633
1277
1244
1926
2148
1408
1917
1065
1359
1807
1180
1449
1408
1330
1840
2610
1404
1309
1241
2172
1458
1447
1387
1566
1511
1311
1593
1415
1343
1183
1381
1439
2543
1402
1213
1428
1506
1144
1411
1823
1405
1242
1560
1463
1557
1360
1241
2228
1402
1247
1528
2156
1403
1443
1324
1646
1219
1476
1218
1945
1501
1444
1383
1433
1125
1073
1453
1390
1400
1396
1036
1458
1320
1444
1308
1401
1077
1917
1351
1414
1384
1313
1176
1824
1501
1162
1426
2133
1290
1517
1609
1873
1567
2011
1277
1027
1859
1789
1419
1133
1382
1186
1600
1104
1341
1418
1980
1322
2174
1429
1382
1262
1469
1058
2027
1594
1404
1460
1716
1652
1502
2221
1441
1579
1167
1610
2178
968
1720
1188
1939
1539
1445
2261
1368
1433
1733
1398
1847
1394
1233
1132
1092
1267
1436
1113
2052
1503
2082
1276
1282
1338
2050
1342
1136
1416
1245
1689
1543
1428
1947
1259
1694
1235
1047
2246
1366
1203
1729
1472
1896
1188
1148
1175
1396
1164
1615
1415
1467
1403
1178
1470
1464
1665
950
1931
1366
1294
1467
1398
1312
1484
1435
1223
1820
1385
1196
1768
1655
1517
1216
1095
1444
1180
1807
1343
1253
1393
1420
2478
1682
1192
1486
1657
1271
1645
1319
1873
1401
1445
1432
1591
1759
1428
1016
1871
2081
1312
1615
2226
1464
1372
1175
1779
1115
1906
1346
1336
1413
1648
1085
1472
1047
1871
1374
1147
2183
1545
1913
1400
1352
1351
1487
1516
1777
1416
1641
1547
1490
1455
1534
1210
1526
1352
1488
2225
914
1402
1050
867
1092
1459
1406
1629
1293
1417
1464
1696
