2450
2582
1748
2633
2529
2695
2334
3133
2349
2843
1819
1876
2182
1892
2230
2245
2037
1869
2717
2182
2712
1949
2451
2770
2762
1842
2309
2908
2278
2655
3001
2187
2009
2323
1773
1948
2422
1663
2581
2356
2178
1704
2032
2214
2691
2204
2646
3090
2507
2524
2754
2160
1880
2544
2663
2289
2291
2500
2496
1955
2502
2666
2336
2037
2381
2312
2413
2484
2618
2208
2122
2905
2252
2216
3210
2328
3204
3053
2255
2221
2109
2503
2578
2010
2037
2598
2062
2931
2139
2384
2011
2105
2157
2258
2233
2370
2336
2621
2295
2214
2206
2016
2852
2235
2007
2381
2327
2460
1903
3019
2100
2366
2509
2224
2794
2277
3122
2432
2485
1870
1781
2258
1803
1982
2247
1967
2192
2712
2236
1874
2880
2547
3018
2559
2435
2029
2144
2481
1810
2863
2500
2336
1857
2829
2807
2375
2351
2434
1902
3026
2252
2254
2466
2290
2537
2228
2241
2051
1919
2034
1969
1876
2303
2234
2537
2284
2298
2202
2244
2054
3100
2205
2329
2483
1989
2916
2420
2657
3005
2247
2358
1915
2139
2151
2186
2235
2713
2095
2282
2242
2231
2896
2359
2133
2198
2155
2158
2553
2334
2721
2470
