109
104
93
93
97
94
93
112
93
93
106
94
94
110
93
93
94
93
93
93
93
93
56
93
105
94
94
94
93
209
93
94
93
106
94
94
102
93
93
93
132
93
165
93
94
93
104
94
94
94
94
95
94
93
93
95
94
100
93
363
94
93
102
94
93
98
94
104
93
113
94
94
94
94
95
94
94
94
104
94
94
94
89
93
93
93
94
93
94
97
94
94
94
94
95
93
93
12
94
167
130
923
93
94
94
94
93
94
94
94
94
94
94
103
93
94
101
93
93
93
94
94
104
93
185
135
94
94
94
103
94
94
94
93
93
93
93
93
94
94
94
93
128
94
93
94
156
94
94
94
98
93
93
93
94
104
93
94
93
94
93
93
93
106
94
94
93
94
94
94
93
94
93
94
94
94
94
94
146
93
93
98
105
94
94
107
891
94
103
93
100
108
94
93
93
136
94
94
94
92
97
93
93
92
92
93
94
101
94
94
93
94
93
93
150
93
93
93
103
93
93
89
94
103
94
93
93
93
94
94
106
93
166
93
94
93
93
93
93
94
93
93
93
93
93
93
94
94
93
93
93
93
94
93
93
125
114
93
94
103
94
93
102
93
93
99
94
102
93
93
104
94
94
93
94
94
103
106
103
94
94
100
93
106
93
93
94
93
92
93
93
94
93
94
93
93
93
93
100
93
93
93
92
92
118
93
93
93
93
93
104
93
93
93
93
94
93
98
92
92
93
93
93
93
93
93
109
93
103
94
93
105
93
93
93
93
103
93
93
102
94
65
94
93
93
94
93
98
93
94
74
94
93
94
94
94
93
101
102
104
94
117
94
93
93
103
104
129
93
93
102
93
135
94
97
93
94
93
93
93
93
94
65
141
94
93
93
133
94
93
107
93
94
93
93
93
94
94
94
94
106
110
94
93
93
93
93
94
93
93
94
93
94
93
94
94
58
93
93
94
94
94
94
94
93
94
93
97
93
93
93
93
103
134
94
93
94
93
94
108
93
94
93
93
93
94
104
93
94
94
93
101
146
100
93
93
93
93
93
94
93
91
93
93
101
116
94
94
93
94
110
93
94
135
93
102
131
94
94
94
94
93
102
93
94
94
93
106
103
94
94
94
102
93
132
101
94
93
94
94
94
94
94
93
93
93
93
93
93
94
105
94
104
94
95
93
94
95
94
93
94
93
94
93
833
94
93
94
135
94
94
94
119
93
93
93
105
104
98
99
94
93
93
93
93
93
93
108
102
94
94
93
134
93
170
94
100
93
93
133
93
93
93
93
116
93
93
239
93
93
94
121
94
94
94
94
93
93
94
94
93
94
93
94
93
94
102
93
94
93
93
93
94
94
94
94
94
94
94
100
93
93
94
110
93
93
93
93
102
93
93
101
93
93
93
93
93
97
93
84
93
104
107
93
93
93
92
93
103
104
93
93
93
93
93
146
100
93
93
93
92
113
94
93
102
93
92
93
93
93
45
104
74
106
93
93
93
101
93
93
93
105
98
104
93
93
104
93
93
56
93
93
93
93
93
93
103
93
93
93
94
106
101
93
93
93
93
93
93
93
93
94
93
93
93
172
94
101
93
94
93
94
93
93
48
94
75
93
94
94
94
93
95
86
93
98
93
100
93
93
93
139
93
93
94
111
93
94
93
93
93
94
94
94
93
93
113
93
105
92
92
104
94
93
93
93
94
94
93
93
93
94
93
93
80
93
94
93
93
92
92
93
94
93
93
93
93
93
104
92
97
104
94
94
94
93
94
104
153
95
94
95
94
86
93
94
94
94
94
94
94
95
94
94
107
94
94
94
103
93
101
94
94
106
94
94
94
94
94
94
94
94
145
94
97
94
94
93
94
94
98
101
94
94
94
169
94
94
94
94
104
94
94
117
98
257
105
94
75
94
94
92
100
93
93
93
103
92
92
92
93
93
92
92
92
93
93
93
93
93
93
61
93
105
93
93
93
108
93
93
93
93
93
93
93
93
92
92
93
93
93
93
92
92
93
93
93
92
93
93
93
148
93
93
157
93
93
93
92
92
92
109
92
93
96
93
93
58
111
172
93
94
93
92
105
94
94
93
93
94
87
93
104
93
101
94
103
93
93
93
94
94
94
214
95
94
93
94
863
94
105
94
94
102
94
106
94
64
94
94
93
94
94
105
14
94
93
93
93
94
94
93
105
94
107
93
93
108
94
120
93
93
93
94
93
93
97
94
93
94
94
94
94
94
68
94
94
93
93
143
92
93
93
93
115
76
104
156
93
93
