500 6 88.0 88.0 89.0 858 93.28
1000 315 332.0 335.5 341.5 372 337.71
1500 679 741.0 744.0 757.5 766 740.67
2000 599 1102.0 1305 1432.0 2120 1303.38
2500 1237 1785.0 1984 2109.5 2938 1996.30
3000 1854 2640.0 2799.0 2967.25 3794 2790.49
3500 2890 3768.5 3960 4080.0 4982 3958.42
4000 3375 4880.0 5046 5286.0 5881 5012.48
4500 4898 6228.75 6468.5 6702.25 7558 6438.92
5000 6277 7540.0 7864 8141.0 8793 7843.64
5500 8212 9442.0 9676 9886.5 10191 9620.90
6000 10503 11212.75 11587.5 11876.5 13297 11583.00
6500 12146 12905.0 13310 13697.0 13953 13281.33
7000 13892 14950.0 15510.0 15741.5 18198 15427.31
7500 16953 17253.75 17647.0 18012.5 19159 17702.67
8000 19931 20154.25 20455.5 21120.25 21635 20592.50
8500 21918 22195.25 22652.0 23170.25 25452 22811.06
9000 25003 25517.5 25616.0 25821.25 26084 25628.70
9500 27032 27751.0 28134.0 28843.25 29677 28279.30
10000 30596 30628.0 31375.0 31606.0 35644 31446.50
