500 12 93.0 94.0 94.0 923 100.33
1000 57 356.0 365.0 371.0 1296 377.62
1500 224 729.25 796.0 858.75 2064 860.97
2000 867 1296.25 1426.5 1604.5 2701 1482.66
2500 1663 2141.5 2295 2540.5 3210 2349.29
3000 2562 3178.25 3371.5 3633.75 4141 3390.74
3500 3473 4302.0 4531 4853.5 5528 4556.96
4000 5026 5564.5 5872 6153.5 6440 5850.44
4500 5676 7244.5 7553.5 7868.5 8634 7552.04
5000 8132 9123.5 9267 9495.5 9927 9264.24
5500 10603 10830.0 11139.5 11467.0 11849 11177.67
6000 12168 13090.5 13246.5 13611.0 14301 13263.25
6500 14520 15002.5 15543.5 15841.5 16534 15471.21
7000 17238 17441.0 17861.0 18561.0 19109 18032.71
7500 20231 20625.5 20972.0 21203.75 21510 20906.70
8000 22539 22925.0 23389.0 23639.25 24178 23318.60
8500 25273 25965.0 26248.0 26752.25 27706 26349.50
9000 26410 28946.0 29350 29923.0 32950 29532.26
9500 31904 32021.75 32238.0 32860.0 34822 32591.20
10000 35178 35576.0 36175 37186.0 38821 36605.00
