500 69 87.0 88.0 91.25 106 89.50
1000 1 338.0 344.0 356.75 1092 350.20
1500 0 679.0 755 782.0 1494 742.98
2000 10 1098.0 1288 1343.0 2067 1267.97
2500 1186 1802.25 1968.5 2059.5 2948 1973.66
3000 2165 2607.0 2844 3073.0 4242 2853.50
3500 2360 3650.75 3874.0 4031.0 7055 3886.96
4000 3827 4877.0 5083.5 5312.5 7186 5080.20
4500 6167 6421.25 6539.5 6973.5 7202 6653.38
5000 7692 7748.0 7764.0 8249.75 8954 7957.56
5500 8106 9165.25 9434.0 9786.0 10531 9511.63
6000 9329 10932.0 11102 11526.0 13233 11280.38
6500 12643 12897.5 13390 13644.0 14396 13344.00
7000 14894 15013.25 15420.5 15492.25 15880 15340.00
7500 17028 17153.25 17578.5 17616.25 21093 17621.86
8000 19744 19843.0 20139.5 20449.75 20633 20142.00
8500 22325 22601.75 22732.0 23384.0 24186 22981.10
9000 25366 25475.5 25739.0 26106.0 26344 25799.60
9500 27750 27972.5 28491 29095.0 33851 28809.10
10000 30347 31472.0 31780.0 31943.5 33189 31746.40
