500 2468 255566.0 256458.0 260146.0 2209167 260973.91
1000 48219 886528.25 910487.0 933318.75 3611362 949354.88
1500 726256 1724616.0 1960803.5 2134848.75 4816066 2065638.54
2000 1117665 3259311.0 3551215 4015296.0 6559436 3724652.17
2500 3138027 5233921.0 5697665 6386984.0 8091879 5805636.59
3000 4728540 7894645.25 8259845.5 8945240.75 10301008 8340518.12
3500 7864693 10880680.75 11359651.5 11949887.75 13748326 11259526.90
4000 11425386 14518372.5 14814215 15490675.5 17289327 14852269.96
4500 15538068 17917476.0 18754922 19394723.5 20482705 18613721.98
5000 20189554 22320889.0 22911080 23570051.5 24798471 22772186.92
5500 25002713 26337961.0 27255138 28427944.0 31446203 27563860.61
6000 30117537 32514973.75 33602129.5 34592897.0 36711927 33532659.96
6500 34990860 38292180.25 39039969.0 39952930.25 42086387 38904878.10
7000 42712572 43459068.5 44648275.0 45397875.0 48091383 44659845.00
7500 50046343 50349661.25 51209877.0 52193429.5 54325023 51398302.60
8000 56813538 57536918.0 57882368.0 58905841.25 62730847 58481177.60
8500 62583896 64768562.5 65733962.5 67124487.75 69674234 65841592.20
9000 69946502 74027761.0 74806648 77487209.0 81992749 75490850.93
9500 78934410 82618744.0 83345649.5 84471094.0 85493875 83253896.40
10000 89430404 89651211.75 91135752.0 92842626.75 97480310 91604125.20
