2016159
1941300
2650073
1784609
1773540
1800237
1802107
1834885
2357510
2055423
2081699
1573835
1810209
2031613
2103613
1767434
1399643
1820155
1954158
1875671
1781994
3406914
1084864
1821665
1838374
839583
1792063
3257515
1736432
1827406
2254617
2648940
2973538
3148135
2950261
1151489
1649114
1894855
1435772
3675981
1723152
1588610
1194177
1183464
1801048
1797146
1864467
1868050
3335763
1817485
1148632
1684263
1792013
2806472
1814670
734652
1788397
2163553
1789368
35995
1861947
1283124
1789046
1041298
1789318
1869370
1665039
1113870
1515060
967797
1810606
1237116
1597281
1409522
1375770
1792212
2054385
804084
1809535
3018336
1809410
1518330
1247945
1793757
2641674
1807567
1028228
1731209
1789071
1844280
1008438
731767
1789396
169890
1788921
1808572
1788996
1832464
1789470
504867
1794282
1818009
1585167
1182748
118553
638959
1888754
2888423
1810955
279777
1812077
2679740
1810608
1237705
1415466
1790893
2476168
1807417
870245
1767746
1862481
2228255
1791265
1991484
852029
1807517
1408823
1795444
1789170
1799269
659341
1791389
1652912
1784824
1702788
1788949
1861804
1798609
1801737
1789645
203460
1309410
1752265
1788075
1856732
418501
1143833
1750833
1813049
1844399
582318
862966
1913135
1818334
1722788
747815
765435
1708772
1826308
1857857
843358
2023665
1589157
1101874
1891915
1234316
1866632
1841365
1847587
1819327
1859833
3425888
114397
1322138
1742115
1837699
1991496
1835459
987595
1849887
1841540
2115590
1596720
1335910
1894531
2837633
1899242
1235915
1318877
1849565
922861
1887875
1333113
1328736
1735486
861024
1927683
1355498
1270468
1502938
1330430
1868559
1841964
1455473
2849084
147605
1126304
1822424
1842114
1760118
897264
988473
1077378
2749921
1935081
1217712
1876771
1794690
1849390
1937347
748640
1859086
1603375
879515
1831097
1420464
1806144
1798194
1801608
2893925
1807167
1832052
1797256
1365005
1799414
2494862
1837749
1824684
1107934
1792360
2557317
1790042
946973
1771133
1788322
1824082
1755187
1809258
1790366
2470847
1788799
265888
1718264
1722152
1756847
1789096
1820607
1777695
1289273
1788525
1001254
3583128
1265530
1464990
1798918
2004379
1812091
1759319
1789842
1789270
1778753
1818640
1813533
1780796
102932
1787551
1564263
1185652
1780547
289865
1932035
689412
1791090
1841315
499856
1821600
1759447
1789385
1796043
1788846
549270
1787352
1791264
1868153
838068
1807616
1330373
1802381
1789196
1816839
2377283
144308
1727933
1789495
2336670
1792138
911176
1796871
1550297
1840794
988568
1840248
1848888
1640902
1850431
1792035
1762045
1779045
1796951
1575502
1885660
1756934
876536
1810459
2821542
1789420
1592235
1755931
1858238
1790918
65507
1791090
918654
1803563
1234870
2811713
1793705
735301
1750930
1791364
3229250
1791339
1809435
1576488
1796160
1809497
1789692
1823132
1772328
1808033
1787402
1816615
1794957
849452
1810705
2803256
1809485
1410395
1780263
1803182
2229591
1808736
1279603
1331229
1790540
2748790
1808287
985489
1773338
1789270
1789396
1772973
1778015
1564864
1323608
1726017
1789670
1790940
398019
1251656
1648986
1788971
1807898
550198
1042137
1684680
1788050
1805059
636010
776833
1692273
1788897
1798032
758911
928243
1397509
1789942
1755546
854387
621553
1744854
1790917
1641753
913546
1808690
1348835
1129733
1810833
2467307
1810184
1284462
1232696
1807791
2560429
1809385
1144177
1309762
1790418
2562532
1808565
1052769
1390201
1790341
2598805
1810156
1670609
1162154
1789695
1818882
2414898
1791314
1850201
1775397
1141899
1808040
1144452
1440461
1311912
1539140
2062474
1788023
151945
1170543
1020915
1809510
2837503
1806918
1180589
1203718
1807392
2699927
1857904
1813810
1917734
1202224
1790411
2117711
1984287
2300139
1995912
2012976
2011057
1501876
1996628
994916
2041614
2059563
2191839
1542247
2589050
8868
98834
1092418
1469946
1792110
2622503
1493097
1435363
1583844
1799314
1810975
751121
1794703
1813026
1709994
1006624
1810409
1293769
1248649
1390840
876908
1811008
2831565
1788746
1455268
907715
1809535
2788044
1788348
1536253
903607
945883
1747679
1789071
1855651
1774115
1819389
1809470
1790616
1599714
766949
1846660
1620882
1785390
1799759
1791511
544707
1744727
1792161
1816697
716955
1790493
1472374
1782025
1802698
1781233
1790494
1859010
1722518
1779859
1672627
1791513
3031085
1789844
1790516
324134
1790316
2448023
1811603
945169
1396152
1676554
1733500
1714094
1792959
1805223
1752370
1785724
1799548
1792063
1790965
1765692
1181323
1822655
1812327
2717427
1811828
1318578
1752912
1579458
1790017
1998056
1813857
1781420
1403593
1792936
2687421
1811404
1126254
1781892
1800632
1790291
3023230
1791115
1790666
581025
1791614
1791265
1763272
893255
1809932
1277256
991422
1808212
2724766
1790269
1564558
764120
1053024
1551463
1790643
1873161
695883
1671734
1512461
1790094
2662258
1810408
1822371
968914
1766498
1791192
1811227
1777473
1086304
1710713
1551846
1785782
1662701
1790965
894522
1557937
1145178
1419413
1788821
2222896
1809907
1124694
1199377
1809485
2670452
1810683
1335780
937473
940844
1579120
1787477
1674488
721956
280520
1794029
1872227
1840392
473732
1788447
1828928
1636753
1822867
1378245
1792687
885921
3300184
88696
556499
1889642
1789970
2325371
1808190
93137
2029197
1789668
2775842
1809110
47728
917262
1282128
1789146
2487204
1809984
1066501
1203516
1706960
719326
1807142
2425138
1808437
1346271
1773724
3044914
885943
1810833
3107010
1725398
1809510
1438360
1779417
1381045
1788847
2697497
1811479
1816365
1107948
1811110
1788073
1788524
1847719
766427
1789221
1743779
799845
1787851
1541718
1768327
1294932
1293947
597610
1806918
1317804
965130
1808262
1290577
1767347
1806588
1789942
1788846
1773421
1803374
1074616
1808789
2655405
1789645
1572174
1777692
1175083
1807442
2622400
1789021
1807641
1319014
1767699
1814845
1789817
1818027
477031
1789992
1808390
1674319
905815
1810408
1390568
1777553
1807289
1787774
1205445
1718980
1788073
1788974
199824
1789471
941169
1807055
1789545
1789221
2531826
1789545
811875
1525631
1788600
1788924
1791911
1781670
1142085
1315883
513638
1791090
1809932
1387555
1794213
1802603
1789545
1788497
353311
1392733
3359241
1809011
1314944
1618794
1822426
1790566
1788122
1898152
670443
824374
1514966
1789196
2344502
1809061
1788646
981718
1770466
1790990
1789917
1575832
739894
1791688
1568152
1801063
1098102
1807242
1118658
1160250
1810283
1233301
1778556
1535448
1789195
1790765
224825
1788325
1104415
1603440
1788547
1788150
1759798
635149
1315096
1188152
1789944
1867980
80149
1789595
855305
1781430
1787676
1789021
1799594
509922
1790541
832942
1320918
1789271
59094
1808664
1788674
2747047
1810905
59800
1790441
2575973
1789221
1826083
1733872
1784804
1789660
1801625
1788023
1788223
2738572
1789769
1790543
199595
1790443
3006516
1734888
1790940
875824
1799162
1839563
1785982
1799846
2789130
1789820
1789046
1741306
1772545
1737852
820456
3062918
1867653
1810979
1261290
1805069
1795561
1789071
1788450
1806456
1817151
1801320
1314293
1808465
2546360
1798022
1811105
1282205
1916397
1625498
1792113
1790291
311046
1789720
1790016
1823876
9240
382581
1124913
1629866
1794031
1811723
2114387
1789795
744111
1817433
1788971
2281316
1807143
1199129
833828
1829857
1662681
928278
1812801
1370750
844598
1788348
1498684
1777550
1146915
1807241
2578091
1789321
1809707
1542130
1796926
1365320
1809136
2550161
1628680
1868250
1508017
1794935
1496248
1789994
1789445
144938
1811179
1789445
830794
1618486
1790241
1792413
1801485
1794464
994222
1887371
1823691
1265865
1748135
1641772
1789072
2100905
1838972
1818958
1056430
1782493
1554232
1872656
1790491
2426514
1799816
1791089
1870879
684486
1788522
1790865
2730210
1790269
1789695
1851039
387405
1789545
1866226
2602783
1790440
1789346
1779524
587594
1790716
3514938
1304893
1790219
1821749
1671759
647075
894599
1278939
1808487
1820202
2532402
1810433
1790091
1058681
1418815
1871299
1788549
28588
1809210
1792335
897928
1430752
217256
540554
1809583
1808165
2548424
1867953
1808337
1333360
1767659
1373579
1809684
