3449169
3183099
3118381
3170061
2743311
4962564
2740505
3169198
2332438
3131770
3197438
5109527
3118788
2558139
3538310
4478576
3426515
3373350
2945326
3337848
3070187
4511307
3368985
3395398
3067317
3133305
3339066
3229175
4378653
3279164
3354775
3386233
3236399
3208087
3264668
3239234
3189256
3183398
3362093
3215728
3178665
1525344
2353460
3874992
4032476
1621773
3198722
3191847
2853571
2356575
4868273
2612157
3171576
3353347
2801257
2358516
3416703
2034468
2107468
3240758
1708095
3398085
3220284
3183481
3183915
3245724
3074057
2668394
3132320
2916401
3790495
2951712
1725206
3303321
3264064
2880800
2352130
3043090
1696148
2168662
3041733
4453912
3246021
3680183
2270881
2353166
2468095
3118588
3205070
3727069
2240436
2350649
2528594
2468836
3196791
3735634
2205598
2702125
3196177
1708291
2588277
2662812
2198334
2525203
2621384
3112931
3176866
634441
2254020
2052174
743343
2687383
3133305
1088136
2487381
3127985
1322772
2192593
3087532
1551078
2161905
2513640
2808598
3237657
3155751
3139593
3035317
3239334
2730350
4670193
1943374
3096998
2939143
3053862
3215264
3077839
3041114
3134271
3152833
3132874
2781137
2271278
2291749
2817024
2320502
2551953
2626772
3161381
3199279
3181245
3170094
3303767
2909810
2822651
2998476
3212419
3348965
2912091
3223469
3340344
2949109
3207506
3350944
2855487
4395968
3256873
1286939
2623533
3416523
3213322
2930925
3399007
1299903
2594256
3192434
1081338
2660898
3135803
1156767
2479127
3153622
3146137
2991347
3241033
1455228
2714765
2553912
1584078
2174946
4726177
2252587
2334187
4759886
2266751
3043636
3142134
3118054
2681838
3064223
2160858
3173603
3116579
3034501
3361978
2413870
3129497
3142852
2825578
2801920
2906133
3267865
2860797
2326075
3023272
3152802
1846074
1569120
2126328
2927116
1731026
3100888
3270947
37606
3284773
3176497
3102491
3109881
3680627
2231230
3066107
3539075
2172274
2924905
4757262
2766674
2723625
2299202
3119906
4652656
2667570
2882027
3139202
3407550
2728608
3142757
2897531
3348437
3241844
3152804
3229966
3165228
3176696
3225550
3164250
3198221
3291910
3173200
3175374
3174710
3153445
3185211
3172876
3177664
3298240
3124218
3180084
3189579
3158121
2961847
3125325
4403658
3139739
2158564
4753386
2419648
2268630
4784271
2292583
3058534
3135479
753981
2663923
3140826
3377671
2741562
3124325
3789747
2544726
3147518
3114391
3132399
3161864
1064940
2732578
2898299
2908773
3133827
3120053
2547820
4326835
2280333
2878981
3242064
3022202
2646623
2952238
2624419
2370511
3115309
3127918
2806117
2610680
2980732
3538247
2425618
3010166
1659796
2332323
2926878
3836360
3241452
3205617
2882145
2301978
2892411
4667176
2851128
1878363
1816328
3090872
2221252
4055283
3022705
3312057
16352
3016303
3445174
2168780
3051264
3590224
2215697
3013274
4559176
3007040
3130159
2581869
3281482
3128477
2676780
2099016
4680985
2390214
2127680
4812019
2345498
2147213
2315893
2779121
2114714
2117601
391047
983539
2665282
2205880
3051405
3170104
3482384
2750455
4152898
2194467
4329595
2617277
3287156
255917
2637487
3796404
2269259
2581155
3904711
2186757
2943097
3881303
2143860
2987876
4032625
2131668
2646974
2586915
949129
1549401
4355661
2830651
3096499
3107708
3219039
3463477
4315659
2556063
3923511
5020415
3066388
3568777
2145191
3117718
3123082
1104377
2862149
3211955
2903358
2496510
4329031
2367349
2195710
2790585
2987030
2736291
3176948
4764076
2733643
2271632
3504343
2488684
4154035
2818319
2116431
3990677
2332093
2977653
3174024
3151606
2325224
3251972
2115862
2866472
3138793
3118675
2296248
2821449
3126833
1068151
2940350
2925126
1027916
2617941
2332425
4171872
2673192
3143434
983195
2535192
3150897
938239
2548367
3126978
3083985
3141485
4239018
3165188
3135042
3101859
2189087
4739680
2424612
2152144
3394606
3710733
2204818
2704598
2218742
2103028
2064089
2979318
2074023
2844608
3150044
776688
3161240
3120841
2728701
2506027
4052141
2664915
1831080
2402896
2990892
1754249
2397428
2835514
1713410
3113425
3132150
2688858
2303260
4785177
2505672
2251510
4708181
2515167
3122466
3137822
2759748
2259258
2305730
2632685
2260748
3218818
2484557
2556816
3100859
2621756
2945241
3121941
1326201
2735495
3124177
3129115
3161390
3121080
1084477
2579392
3151131
946679
2619930
3170503
868745
2671139
3036894
3243039
3100018
3147489
681068
2896054
1755959
611079
1550759
3728143
3759890
2624332
2783593
3378946
2213546
3097243
3223453
2917014
2236805
3100020
1646162
4770339
2899308
1888107
3095514
3536275
2494692
4318538
3114666
1303501
2376088
3121478
1190496
2328146
3117298
3109337
2752673
2235218
3089510
3143364
3135237
2118814
2827742
3134123
772993
2765108
2567830
2233402
2434483
2996153
3405304
28514
2772932
3511111
3269591
2458578
2630584
3297734
2939495
2986694
3143406
3099908
3117049
3235957
3043552
3125664
3146186
2824303
3394654
3154193
3094286
3135973
3119888
2588265
2765414
3211723
3106828
1894259
3136866
2230886
2661646
3172200
3064185
2500844
2448749
3015856
3149125
2973448
3299067
3094761
3590581
2044559
4728109
3000565
1361697
2685969
3227885
1221257
2673784
3117201
1023918
2547635
3126294
858727
2544786
3321444
3123099
3086940
3139471
4439504
3161218
3011881
3151743
3107496
3117885
3159341
2618568
2399801
3101320
1946695
4057145
2424338
2868792
3132749
3141223
2158115
3236299
2827540
2176600
3111119
3162903
3925140
2066505
2846956
3880801
1366388
2886404
2757866
3135906
2921852
3317322
3026281
3108772
3078129
3116088
3079040
3135049
3177373
4760830
2657155
3151848
3125613
2986484
3130413
3115563
2763385
3560080
44424
2634378
3474187
2169956
2962341
4497859
1679190
3207753
3759067
1986083
2751605
3054207
1371244
2440402
3272225
985206
2520551
3176844
3111492
2387028
4259058
2121597
3140866
3110047
4580419
3021635
3004964
3157528
2974065
2200014
2880083
1524837
3271451
2811845
2037961
3866779
2353223
2997553
3138655
3165185
3116025
3123835
3146403
3732186
2111967
2840790
3759997
