5300930
4326302
4880260
4834651
4799015
5053193
5029712
4721027
6257423
5010119
5517284
4502256
4874901
5272908
4480951
1995236
3490482
4436142
4141780
6309625
3382725
5036589
6175190
4983449
4110834
5717538
4355149
4309972
5116649
4904652
4897678
3246377
3041612
4339793
3536517
4298735
5037627
4843178
5603726
4162674
6383134
3517002
5430199
4496491
5109186
3158261
3064121
4672181
4253715
3662511
4743897
4122195
4761943
5730426
4901915
3498173
6622781
3108107
2854804
4096883
4730262
4842239
3811808
4941440
3397749
5140084
4235939
4944624
3142703
5057315
2745127
4808371
4478221
4704174
4559887
5010915
5387151
4915896
4561484
5088596
6268575
4712041
5041358
4972355
3297986
6230029
4323162
5419557
4717137
3543183
4520572
4863105
2994222
2672731
3811643
4636963
3777869
4670005
4841596
4844785
4876063
3208629
4852807
2869419
2464003
4687218
4791163
4822791
4843627
4868068
3464987
6566953
3134504
2770767
2573919
4038197
3243494
5018514
4934052
6017676
3922874
6154701
4741277
3477888
6444320
3309200
4857995
6678734
4852211
4920001
3798159
5810245
3859066
4815889
5446232
4100343
5018244
4919385
4406972
5150129
4688076
5016609
4562148
5121931
4836328
6198396
3777170
6145465
4909109
4471361
4888797
4095518
5477668
3885026
4843193
5475404
4547801
4057414
5511212
5111775
4189032
4751757
4941937
4856705
4864617
4996078
4582996
5977771
3798672
5100871
5912006
4944006
3221210
6585382
4829429
4622343
341783
267080
3920831
4917365
4999836
5048005
6248819
4607131
4074809
5706373
4665871
5468635
4732365
5021785
4021669
4071655
4615730
5252746
4462233
6113151
4884258
4454897
3610549
6463933
4717533
4831490
3738652
4723819
5466589
4104712
3407233
3340366
3247453
3302939
3053712
4317560
3446856
4269660
3289975
4284146
3204554
3823077
4948013
4782020
5798188
5021645
3587323
4852692
5766031
4591077
4887726
5238782
4354381
3441321
3361943
4951871
3139369
2999502
2954771
2792401
3258664
4374109
2398391
4603136
4484703
3037046
2704628
4059231
5408204
4120261
5317349
4364282
6176644
3566874
5250674
3419335
3234410
3125188
4753521
3980249
6120007
4898217
4849691
2622280
4551883
4798269
4604626
4823382
4803620
5973891
5021396
3596189
4957081
4786470
4659088
4861051
2800530
4923564
3933672
4893087
3235875
3773912
3287545
3989914
3160734
5389289
4204173
4280033
6074123
4850334
4075950
4854122
3093864
4804101
2814210
3662037
3876115
3507383
3819915
4493101
3543350
3707713
4556062
4824011
4789679
4790003
4870868
4729638
6259666
3290447
4814399
3053887
4807584
2827038
3384411
4161301
4202489
4881238
4863689
2952896
4116513
2841793
4122527
2778639
4260158
2602146
4206134
2597275
3303905
4852383
4159530
3631155
4432200
4055028
5291328
4459501
4862779
4894938
4809476
4863222
4423890
5322667
4668995
4315012
5495317
4604865
4228812
4068915
4660224
6164515
4813753
4850389
3593246
6437003
4256175
5239828
4459865
4887632
4990383
4703432
4753346
6193992
3498856
4278215
4695732
4658098
4568616
4229071
3222316
2296371
3806099
5251865
4755500
5033797
4695670
4850182
5198320
4368953
5124659
4515124
5048906
4160717
3685635
4253710
5201590
2557834
3778011
3373896
4644848
5239708
4315936
3989235
6199444
3891828
5123383
4874836
3297110
5919445
3656482
2819585
2695186
4363983
2989134
4670904
4752675
3673046
3410984
4847307
4538894
4774843
5434347
4380629
4322314
4775315
2809941
4677911
2832685
4743310
2709160
4440484
2523848
4429016
2382091
4567571
4697167
4840398
5918298
4376505
4943986
4879205
4599605
4953855
3324205
6399956
4005839
5690393
4231195
4765479
4637963
4688576
5748836
3535657
4637739
6144128
5328741
4162721
3648787
4143832
4975958
3384706
3986358
5229474
5124933
4239714
5289230
4294736
5092190
4838225
3047099
4257398
