7185357
6541342
8198700
5544905
8684585
6395051
7440184
7870000
6505424
7097135
7187827
8607902
7268321
6188457
6190975
6780772
7261311
3265043
6754953
5383009
5233654
6751443
7593765
7357254
7587978
7149135
4797066
6341997
5808271
5894295
6860337
6488995
7970028
6425213
7071441
6834761
7839820
6285348
8440796
5698657
8383384
7166909
7216042
5768444
4990493
6244901
8727303
6867893
5378849
6654657
7272553
7890185
5442704
8131265
7296583
7173743
5784526
7103998
7665582
4826464
7098338
7744504
6829061
7197627
7219607
7417032
6077416
6038816
4663278
6685656
3072988
6239305
5760751
7148695
4822058
5662610
8460511
7769158
5085373
2576469
6090890
7284391
6510340
5221696
6899694
7073437
6150392
5602438
8191826
6518966
8483136
6199392
7155106
7298135
7112314
8525608
6213785
6259980
6538889
9064346
5814598
6849558
3665660
7133102
6517063
6627470
5798809
8532643
5893821
8232217
5986347
7803917
7431841
4724396
7519359
4593509
6764168
5294263
7887188
7198929
5914480
8397400
7091304
7184842
7162917
6707263
6021179
6070190
5868903
7848918
6771343
7056829
6262516
8354531
8529636
6053534
8153381
7030767
7974704
6926338
7498960
6291693
8641923
5241721
6838691
8111896
7786699
7654491
6637074
5841871
6955326
7023363
7805736
6861169
6924996
7081143
6759358
7087216
6961286
7883770
5894899
6984929
6894293
6432379
6474098
5284811
6337835
6602779
7278814
7854837
6616184
7050106
7229808
7030313
7128976
5461229
6280704
7169187
7071548
8407715
7089323
5463587
6988329
7499659
7378677
7129536
7243224
6823981
7129467
7906886
5091571
4821441
6421554
5846882
5873441
8254468
7307200
7246714
7490985
5316189
7826585
6122135
6959004
6181448
6638969
6917662
6940157
6581000
5851728
4807780
6437509
8011450
5969142
6839355
7896736
7393179
6444222
7288685
6933465
6882162
5422337
4707600
6289216
8259853
5738511
5333306
7965508
6849032
6623365
7723633
6432183
8404364
6601461
6967786
5834173
5460852
5840297
7340565
7092115
6291254
8240252
4807839
4730245
6463094
5287877
8758030
5884022
4800270
6370009
8120944
5756496
7387716
8358807
6303838
6084685
