10342532
5645597
7566276
9522731
10158293
10069316
9042210
9445111
11248505
7350057
8584703
9350731
9287874
10798012
9018443
9180665
10636842
4641873
7318425
9048349
6038767
9739413
9395824
9286604
9774600
8939314
10823773
5436535
5871466
9461016
7417144
9547658
9705484
7590491
9159950
9307557
9248810
6996914
8947264
7935343
9471579
7704743
9034580
9062879
9365740
9673789
9897746
9789180
4919093
9466967
7307687
7671791
8259813
10900923
8390767
8146237
8084492
10014820
10847561
8388271
9493980
10899456
9566600
10019449
9636884
6954102
5717365
11102482
5869719
9261132
11529677
8124590
9150425
8548586
7565201
7574683
8645406
11120932
9979721
9911982
9084556
9634427
10860561
8641356
10100849
10665022
9439346
9816324
9995380
12263571
8701748
10931641
9746223
9660691
9891607
10703911
8429919
11808253
9905441
9708878
8469324
11226454
8148664
7332972
10193018
6459465
9616968
8101548
7694627
5181542
7487289
8814027
8441005
8246897
8843497
7360248
7284445
7191558
10994267
6714626
9854649
7466926
10169747
6956724
9446007
14982986
10004747
9517949
9739289
9177781
10701798
4705983
7204444
7364600
7289392
9751675
7107942
7297486
7828523
9272653
8231748
8688563
9629066
8875604
9538441
8249003
7652279
9794117
9825321
9668503
9342980
10560740
7992156
11357947
5075339
8452257
10573129
6115896
9570678
9781100
10326917
6916370
7182407
9564120
9752571
9389373
10262121
8374436
8378770
8467009
9745462
10535103
10665645
7977031
7188302
9628531
9476734
7827308
11328437
5821489
9701403
7356006
7031720
8286099
10794528
9225187
8483738
8443448
9411895
9267609
9375205
9379988
8716228
9015750
7376411
9214624
8233209
9510608
8392646
9651702
9227642
5510289
7261779
9292198
7776691
7829133
8100128
9520372
8838433
10110484
9244069
4948405
8949145
7796221
7077699
9458655
8483695
9060674
9860883
8884564
10486131
9992508
11378064
10032856
9203545
6989819
9582872
8870526
10701823
9227452
9037971
5057811
9656517
8435191
9255340
5471275
5544328
8075015
9796835
7407126
9373700
7951061
9797978
9026784
8847634
8607847
9193588
7844392
7754590
9127294
8360080
8968636
10585990
8232637
11281668
9569432
9642285
9011398
9250898
9918484
10043249
9352198
9624065
9622296
9685030
10201959
9247854
11648833
8970258
6932749
7010535
5844636
5603778
5608547
5460281
8786042
6291736
9875487
8155776
8991201
7403527
10138948
6937660
8877198
9743531
10945335
9747545
7289359
9566291
10798455
8528339
9722063
8201849
8036151
7909997
7871146
