11710879
13506865
12442480
13656122
15192612
11755250
12476465
13303613
13787592
12406247
11976505
12557281
11750130
13428000
12137153
12346587
10021872
13051308
11890693
12254702
9798634
9684948
11834417
12285147
11826896
12853405
9903764
12920381
11808299
14213345
12986814
11281051
14123358
12028130
13157279
11086626
10598496
12791936
11878506
12388630
12163546
10928928
14146680
7826053
10101922
7603391
11731513
12707325
11828583
13969860
11658755
12571562
9768007
12270557
13363211
12211685
11557680
13945186
10969118
12165415
14079683
10598020
12388259
12326172
12486629
10495478
11637737
11007021
12320289
10118882
12189654
9991724
12469903
11380919
12369993
9793589
9553874
12614935
11993211
11680032
12885656
13060134
11831206
12358370
11748633
12295209
13525369
11956884
12775668
15809486
11309742
11660800
12092739
13617930
12863501
10334528
9851772
9792755
12048025
11831487
12647481
12371064
10843392
8246518
12058401
8464197
11801778
10885367
12234672
11366900
13534887
12346996
12176489
9814038
9798729
9747416
9664866
12006661
10019738
11557764
13680740
12015319
12132551
12323076
9791243
13362890
11914923
12752599
11066859
12563921
12316638
11484652
10839476
7282382
10643556
13568389
12188746
12426093
11987063
13009799
12416601
12207932
12374462
