234500
229988
224153
219792
251098
274075
217224
217426
217424
249155
216653
217000
217103
250565
218122
217174
217574
219467
216975
217749
217077
467122
217402
216925
217299
249429
217748
217152
217477
298532
217924
217150
217074
250028
217972
217274
217349
217598
217149
216653
216776
244468
217224
217199
184793
217150
216676
217599
216775
217798
216353
215777
114328
217523
217324
216578
243121
217374
216700
216950
166003
216526
217300
217377
247136
217648
216775
217000
199515
216775
216379
216753
323777
217374
164099
217174
267752
217798
217200
217224
244069
217099
216478
457742
217349
217299
217574
246287
216528
216750
216628
254389
231083
225574
221362
237713
218771
218422
218145
218098
217773
217748
236743
217399
226846
91421
234525
215680
216701
216151
234472
216151
216152
14083
216429
215879
216526
234849
217002
215580
215579
234322
215926
215904
215380
234522
222232
215777
95775
215754
214282
214732
234699
215904
216054
216001
150909
216354
215205
215655
216725
216029
216279
215231
215331
216379
216051
234198
216404
215979
216378
895455
231083
250101
221864
219619
219817
219393
217948
218023
244394
217623
209150
242275
217773
216950
218023
248755
287065
1461274
244319
219517
196880
239203
232428
226322
220841
229589
217474
279343
263909
220765
219418
217674
220538
216478
216179
237863
216925
216579
216503
237240
217798
216575
240430
217473
216850
217125
187401
467080
215854
236069
216176
216079
217000
236516
71900
215877
224104
216304
215505
216828
237191
201889
216278
215955
216603
215877
226896
317476
119974
217451
216850
216653
216751
227545
266102
148236
215355
216204
215805
215880
215580
234347
128663
215430
225125
215655
215730
215505
234100
178524
215555
233898
215205
215505
215830
234101
159131
215705
235396
232378
240905
230135
229489
215031
214233
233850
214584
215481
233352
214934
214036
214307
215280
214157
214435
233626
165381
214335
213908
215206
215159
214859
234522
113315
214782
214535
214657
213911
214632
233376
119189
231732
249055
231233
229689
215455
214407
214457
214383
224128
212988
215755
231931
136870
213909
214610
214482
214157
214207
232827
110221
214060
205649
214384
214235
214731
232927
86912
213062
232903
215630
214734
214432
213760
71570
214832
225751
214535
214933
233277
215009
214681
214841
214981
214707
214210
232680
214681
214831
149474
215605
214932
214631
214659
214706
214410
16699
215430
214582
233775
214757
214631
214906
214460
214807
214956
214609
215181
214607
231844
215355
214382
234000
215106
213985
215555
214931
215031
215355
312468
214108
214484
7351
214784
214060
214956
214859
214060
214108
214010
223308
237242
276872
214385
214534
191353
214884
215206
232653
214656
215130
223979
214309
214234
214283
213162
213735
224503
44327
214884
213661
232727
214859
214807
214308
214335
214535
214806
215455
214831
213810
229796
214285
213711
232878
214959
215431
254923
213886
214110
232405
214333
214033
215031
213611
214457
214632
214707
214157
214808
215158
214806
214332
233052
214734
214257
171435
214510
214357
233850
215156
214781
215231
233326
229761
281606
219643
218647
137465
216903
216401
230085
215530
215406
216054
216201
216329
216254
216129
214607
213162
232304
228291
222185
228939
219420
182063
214956
214706
213783
214659
214160
213661
214884
214484
213586
224279
214756
215580
214932
214657
215305
225898
214235
213761
223233
214284
213786
232179
214310
214282
232902
213861
214083
232107
213686
212963
232902
213983
214058
312433
214258
213886
232228
214185
213908
232878
213462
211331
232129
214282
214110
241848
214160
172985
234774
214182
215555
234173
214332
172671
232880
214756
214407
233549
214110
160446
233077
214781
215181
233502
214432
163244
233825
214607
214107
242400
212713
136417
231582
213711
214135
232728
214108
155947
233177
213686
213811
231904
214557
140371
232778
214757
214482
233002
214856
135133
217277
215355
215181
214085
214482
113733
214981
214357
214033
214457
215230
35643
214407
214585
214656
214981
214035
214457
140020
214809
233576
214806
213733
233552
90985
215230
233326
215480
214108
232827
81781
214110
233202
214235
214509
214282
88586
213861
213911
214757
4733
215131
200511
233875
214881
215380
232553
214260
1899
214931
214433
214011
214706
214659
233080
215355
214459
232653
215305
198086
214036
214682
213661
214283
214133
303358
214482
214832
232655
214235
110401
216827
214631
214357
215158
214058
214981
214732
214634
233277
215305
172154
233127
214857
214806
213810
214407
215256
214459
214035
233277
214681
149032
232755
214507
215031
214707
214557
214132
214207
214908
233651
215080
152097
224878
214510
214210
214482
214906
233951
214834
214931
232880
214607
112161
215281
214581
214285
214260
214484
233127
214784
214509
312378
214360
48561
214632
213935
233701
184356
214157
234272
214707
214557
214684
216030
80002
214906
215231
214435
214632
214457
214008
214360
232977
214260
214660
233277
21382
214260
214360
214534
232256
214335
214531
213936
214532
214459
214807
215430
232952
214310
214706
214208
79776
215308
214008
214235
233801
214657
214535
214308
214707
213512
213736
214360
233002
214283
214734
214607
214585
233402
213785
214831
232478
48145
215305
214783
214509
232480
214607
214759
213885
215255
233376
214460
214210
216625
214208
214310
214981
214360
234197
214457
214681
214334
5821
232253
214257
214410
218419
215181
233127
214182
215505
233576
214831
215629
214731
214833
232381
214684
214557
214310
215081
234447
215131
214706
215158
214285
234597
214509
214582
214682
214981
214460
214981
214981
215280
214457
214333
214310
215130
225823
214307
215330
214332
215056
232553
214183
213861
214334
214407
233277
215131
214435
212559
214357
234400
214459
213761
215480
214357
234300
215408
214734
213805
213412
233401
