16021255
18147688
20994152
18140181
20547990
19972454
17357031
18195976
20405874
18176231
20352412
19278418
18166524
20355442
18968313
19295880
17129151
17334877
18852216
20681441
20266846
19409374
20821968
17047434
19502759
19010691
20480045
15443828
19153380
16086710
19093093
19094449
18508305
15317070
17835551
20417445
19355208
19203526
17221705
17233056
18420602
18641652
18549577
18928211
20244452
16849252
18729739
19288816
19973739
18778118
19481264
17348587
15591837
15489768
18289106
19440182
19938951
19992502
20873186
18319367
20292775
17353565
17389172
