146755
456046
809055
1051053
1074591
886746
918427
943725
911123
590795
913766
938070
927125
917853
942472
818662
834008
935300
884728
908284
908455
911023
908219
896044
908106
925594
124151
879667
1159951
883158
878447
912768
1082820
918826
944173
934878
930704
882981
971335
911323
2841027
811383
918350
687259
878672
528061
926873
910699
919617
887392
1001810
912221
886597
888134
887569
1187386
919800
944276
943927
1584405
909578
936778
447579
817325
882409
889738
937943
911642
1005059
904692
934878
994920
914886
932183
948812
906512
887445
810997
925244
886474
874385
917853
605178
943453
861292
764910
888540
905666
925406
888767
931487
936224
915809
909329
893973
829674
909803
919622
912072
912141
930053
935825
910153
895994
883632
874813
627394
928660
936673
816035
888344
746780
914985
708531
882385
1047562
907710
920146
2779882
912506
919150
930117
938068
825022
804039
919372
915460
932211
919558
926826
940336
572656
910078
917194
1168415
906911
887842
886672
1473881
944623
922649
870672
906387
933656
915685
1025643
907981
912406
1025725
1064095
928148
1196037
720628
916508
920658
889563
1030005
907757
926053
716049
886721
904693
886072
886298
886397
843443
763211
933918
791955
709360
1016548
922330
918898
883133
1105069
921865
841489
948386
915513
861691
889988
887317
765210
1015634
803111
938564
916408
931525
931039
926042
937267
857290
887246
916683
988758
915286
854929
923312
921493
959033
864044
391719
989838
911946
888144
962786
943575
891558
1007000
937443
887517
838362
856949
987320
907760
701879
868281
934304
912366
2761052
864783
890659
886772
883155
904468
1094820
597944
887520
887867
883306
937371
947682
933806
929968
927036
1070231
941106
917353
965474
940486
2483548
803827
904992
677674
1430600
949783
225778
3611362
912196
911647
887518
910377
500403
963672
886796
886995
937244
916203
927510
887717
937658
882559
917464
1088070
349221
934005
984455
900780
768117
949583
934654
884279
2427544
937444
1786369
940039
904293
169225
886971
1011295
908006
913044
871714
941057
286374
742720
915495
1299656
653010
913765
692157
910624
933331
741173
936723
1244157
883357
1200539
915185
832304
932411
926017
911872
920371
909080
908231
1132572
48219
899257
774627
925704
916907
893923
1331648
916882
915036
854684
900677
905898
940186
909314
888316
923063
939690
920553
906636
929955
882759
930058
781813
888044
888840
913890
830946
912845
883705
916134
911822
935176
2671625
907186
920320
714091
934220
916979
268286
2703094
921232
889064
897100
932533
931437
918886
751712
773400
910450
819268
882983
903894
901104
1776418
521436
901104
927996
884004
906436
903123
906562
280807
886497
888491
485298
901726
916782
782153
929219
918502
907982
786769
2752705
677851
522578
913586
747643
914472
946155
911822
876403
601041
984216
904493
851428
912203
1330523
907682
931562
888815
912720
901244
918874
906746
1303523
178156
891782
942556
889464
912693
905166
976336
886772
1004567
886696
849519
893718
898786
898861
932762
925681
912596
913267
908707
934579
2618647
939215
996742
887046
772825
1033468
711688
2529680
887343
886197
906312
937621
905441
915485
812963
879211
944074
906637
910549
889090
798420
887245
939238
756786
926314
1195621
925618
943527
1079060
629670
911173
914639
991744
887917
910275
759917
1014020
914322
182527
909526
912156
1460206
862170
946242
887146
902125
934854
926427
889589
942829
916683
567916
938492
937346
844569
625268
925956
932186
927875
915969
824351
932760
1009281
910724
883483
871493
871173
883529
838432
886796
927091
920857
924658
887021
882557
886472
3015212
716234
1018022
926916
931405
929816
814222
935627
940236
888069
904269
883330
937045
931138
908904
886747
887417
886821
909304
912096
648519
927450
914938
737305
1047619
2860146
897818
930814
905167
932732
955176
907260
924134
928819
834113
668390
887370
901700
2665425
929980
916183
920271
321915
722118
908358
932458
911265
935649
877651
903872
2779695
905973
937643
1308908
942129
1018327
845953
921618
2834035
861267
887071
888913
910028
882684
1486152
954227
913267
943824
887668
958656
944002
927739
1254675
910225
886547
936098
682787
941309
901526
851545
910152
843074
911073
992315
2788865
888565
887720
927362
1168073
882135
922279
935325
876508
926828
904071
706583
955839
886921
1314498
937396
905966
886871
884129
1038963
761168
942676
938791
1052243
938617
916857
1883344
888066
943675
908730
855645
933282
731958
941184
934975
926539
818390
2911821
760154
911457
887520
776322
910924
1331221
886522
887220
906687
935874
1003423
910153
922272
933157
887270
935029
884603
891333
929284
698824
886846
1244741
986512
887046
907183
1083292
1377587
1030626
887270
648095
911223
932982
829234
886547
899647
905713
955308
911258
1091013
443168
910674
946717
1023635
766633
928748
739910
927126
890861
905915
836763
921930
891558
944223
81061
907759
929718
887767
940847
890909
847879
907610
905788
932011
929523
911530
1560116
1017541
890734
924299
926976
926092
887870
902799
925578
882981
929444
998427
901975
816514
888391
1128295
941728
887295
925992
907161
852908
881963
965780
913965
913866
759034
930965
887445
939565
902499
902350
911547
917207
910699
891283
907160
898686
978224
398391
606266
928074
631985
931629
883480
930218
909030
887096
713605
887221
932061
2659241
890612
912745
1082720
888890
878871
902973
917631
910409
2743412
957995
907734
890971
909526
886373
903795
879393
903024
878868
869773
1043177
1024645
932186
1238353
886946
905516
915604
902025
619267
562638
983046
930342
959165
912443
896927
904927
911735
935126
886547
872811
908630
917828
887320
882559
907959
928220
910951
887917
1261522
910338
1799202
904218
898288
902938
846507
2498805
916805
1224275
908007
876475
910003
805923
914739
813279
883555
82046
883522
882584
878170
903544
915660
886447
1367765
903702
922339
837431
903994
935702
805524
920835
922489
2209724
1669560
907585
911076
911797
905272
887171
907460
785125
887021
811443
905616
678463
924535
758939
901326
899360
998995
987198
916685
371078
883183
893552
878347
761022
921618
939937
1374315
909230
823543
913825
916258
878247
817966
882534
904817
688027
887770
1091854
908954
826100
913394
937768
919522
907435
723446
933431
931014
909201
885998
944773
787471
927899
917007
775590
910524
883730
1024909
747178
915954
887819
725158
908807
935360
936223
887368
892306
987360
903173
909528
1081443
740840
881137
892954
934878
904047
947550
931712
879842
909800
941082
2736217
924920
932111
976900
917181
886452
905322
902946
993202
921569
1011499
911173
934454
934404
921092
2809087
929443
911620
994377
1462117
2946256
852728
911797
923754
888044
906537
937593
1303798
878647
931537
882485
888690
895517
911682
322532
920371
936994
845654
914497
1416114
929458
938367
1035494
880635
911548
950529
912096
900156
928136
1051330
908780
906661
935200
925933
1021394
921713
887819
908755
342164
887568
910874
671882
913317
883233
505717
902873
518064
882510
749599
864459
917579
891407
919959
916059
2794040
935974
2752076
878347
403481
819573
886148
916008
1429707
887443
892181
736374
906062
934451
915635
665231
928383
885823
883704
1634342
888141
835313
630942
907839
788848
549677
796815
931664
906537
