1602985
2208636
1951037
1820479
2438685
1933183
2211326
3018798
1904374
2419070
1529611
3049161
2270369
1898039
3625006
1970758
1910603
4387466
2374079
1838520
2029218
2113512
2271093
1930243
1364571
3530811
2941968
1530562
2777696
1189762
4600706
1974550
1976956
3216644
2005150
1247888
1833750
1558754
2012466
1884117
1320007
1913582
1405392
1655075
2055358
1563570
1830381
1486626
3451984
2075799
4233049
1919960
1986093
1940249
1628061
889366
3575596
1846433
4142167
1876542
1540810
2853690
1922385
1610157
2262504
1798905
1968973
1945432
3786828
2737417
1726801
1996838
1465978
1758801
2055890
2599636
1860524
1876464
1506669
1653274
1788727
1540444
1846867
1934408
2027511
1718363
3726821
2011556
2079426
1993457
2126334
3259104
1327114
1863267
1736225
1744961
2031591
1875836
1431109
1933657
3626064
1799841
1969070
1914091
1801705
1968414
2035558
2053841
1591904
1312504
2001087
3710418
2259721
2131861
1715687
1836052
1678568
2508694
1260961
1935481
2044244
1914413
1997497
1937320
1562888
1391238
2135445
2323864
2212585
1474217
1890959
2118660
1953345
2469610
1678488
1275545
2191899
1702164
2767882
1423982
2740805
2040633
2110702
2267235
1906692
1981640
2101634
1966118
1550981
1710439
2159603
2356859
2137764
2177529
2614176
2005217
2208665
2063241
4722082
2486413
2007291
1184979
2103018
3895436
1620969
1998437
1987700
1879222
1992080
1929527
2288550
2181214
2082600
1515909
1941051
2326204
1962980
1646581
3858263
2223872
1869016
1894932
2567947
1933650
1468291
1649157
1917480
1501656
1490799
1927972
2016761
1980626
1844697
1974051
1646768
1913599
1937999
1681244
1181229
4422403
1948310
2161434
1840736
2084047
1393964
2037826
2237187
1796744
1846975
1843127
1685218
2028431
1513903
2034026
1672752
1519226
2083206
2014887
1966528
1224794
1909958
954622
1640228
2050023
2310663
1889682
2005672
2108404
2196578
2878881
1937849
1469346
3207353
1957452
3748083
2526578
1752707
1926428
4069766
1744602
1485572
1590924
1520606
1573581
3133030
1877535
3728315
1807945
2026238
1691048
1908359
3187623
2217526
1820891
2203680
1773136
2007728
1346936
1660233
1757516
2348590
2206462
1539305
1950934
2091824
1998199
1890847
1186680
1940539
1227608
3400882
1307167
2053968
2399509
2003081
3220948
1485007
4027191
1845595
1675899
2033862
3998412
2644619
1910600
3902964
2149284
2003680
1723412
2032214
3732839
2125469
3596056
2627254
2070891
3134306
1856547
1160018
1685328
1084467
1933543
2000254
1761256
1224756
3982333
1888200
1929133
1730484
1927234
1697687
2034866
1499245
1931504
1188235
1993614
1645645
1931531
1772684
2058343
1425104
2689120
1833830
1904554
2330065
1528613
1763120
2006737
2053247
1949914
1764151
2007815
2028788
1744615
1912394
1883658
1819502
2446042
1998645
2342195
1628316
1920140
1940267
1903813
2550348
3863463
1865906
1877782
3637358
1579001
2346087
1405619
1775247
1469341
2100875
1872813
1961834
1354043
2006195
1800974
1543298
1925093
1898787
2277883
1589259
2384148
3628630
1648555
1468840
2271377
1886450
1735679
1904379
1986193
1838301
1355914
1987458
2098003
1578454
2612980
1747588
1991573
1917288
2038824
2035908
1470242
1957457
2400602
1677458
2543399
3322949
1697438
1896801
1560131
2114247
2041864
1944454
2025275
1801046
1599063
1678773
1882208
2083348
1725260
3852968
1991163
2055173
1821982
2708895
1908811
726256
2444398
1857707
1983030
1934233
3174823
2029235
3675517
1817722
2359085
1975785
1295705
1995728
4816066
2162804
1974655
1707484
2128281
2033939
2040921
1925829
1782309
2062577
1418874
2327195
3179588
1989958
2493849
1972429
1445337
2002407
1742441
1977921
1432540
2536344
2023892
1546826
2669500
2097070
1958965
1612268
1723818
1903442
1461137
2922229
1687834
3767631
2968687
1537971
2015543
2308882
3519754
1993714
2818347
2059348
1434031
2363659
1950690
1284627
2007989
1692836
3463273
1078708
2966576
2098697
1714002
2095934
1495645
2296328
1430063
1955204
1874498
1994932
1788983
1485429
2053327
1798583
2078584
2105174
1593099
2295806
1840078
1693540
1772168
2273800
1227449
2307145
2500382
1790610
2109858
1274438
3119444
955674
1261584
2030195
2049816
1894244
2146277
2000264
1947357
1460213
1760959
1899524
2415666
2815567
2007453
1493407
1360514
1946613
1701379
1576328
1903476
1452713
1532214
2112393
2203809
1091497
2167378
2564396
1816989
1009411
1838505
1764916
1986131
2474476
1790523
1847851
2021948
2248470
2550797
2258277
3260040
2346441
2000159
3246693
1873178
1705962
2012279
1770925
4629913
1116545
4776550
1965675
2016826
2134650
1974994
872096
3790436
1760776
1918937
3340581
1697650
3828991
1916359
1853198
3752380
1968946
1981996
1493711
976684
1922401
1856544
2003316
1867613
1836507
1400404
1934196
2005155
1992741
1049651
3788606
1913320
1964089
1874778
1500628
1890865
2035914
2297396
1687594
1818753
3767646
1354263
2536145
2015593
2036601
2739638
4596219
2041389
1724882
1645469
2045936
2020853
2407187
2226841
3878228
1937025
1538387
1711542
1416636
1998565
2122614
1908739
1170588
1654419
1468187
2034917
2058440
2429617
2884887
2103670
1169288
2012479
1798668
1546893
1963766
1635512
1507113
2189474
2354985
1779182
1201453
3733216
1876320
1470927
2209578
2011071
1287087
3554249
1778945
1828644
3661683
2170582
1771698
1923408
1245312
1737101
2005664
1859289
3559699
1382218
2291415
1410202
2060414
2475492
2014123
2023625
2263607
2153951
2475426
1859491
2209938
2589599
2373493
1478395
1771958
1969200
3413716
1896831
1655981
1986044
1736223
1996070
2143490
3436076
1965193
1966789
2011830
2361758
1938161
2473191
3780360
1877473
1944175
2807367
1997372
2014123
2431152
1931261
3574364
1249969
1142760
1709458
1990655
2001360
2006904
1874708
1611076
1805406
1728300
2375739
1445032
1489811
2008379
1549299
2229338
1957891
1925914
2176186
2018121
1987381
2030443
3949092
1185141
2015168
2032142
1656219
1748599
1838026
1965804
4298823
1401821
1728856
1733710
1287863
3722319
1495328
2066539
2004227
2022742
1947558
1882244
3172319
1852814
1764912
2065731
1651921
3567530
2293984
1579470
1666152
1704252
4364966
2009363
1803459
1755043
2017315
3376513
2023708
1179824
2378685
2079038
1703859
1944758
1990645
1798525
2033190
1987750
1333048
1696654
2041128
1987287
1970188
1461948
3540006
2063156
1390118
2025424
2129132
1715913
1759204
1675137
1710160
2140406
2795522
1728465
1211516
3711157
1874222
1549586
1983863
2027887
2367954
2005524
1727407
1845427
1733994
2108448
1984527
2002033
1378468
1695776
1449117
2081015
1968381
2070749
2004676
1327364
1345380
2414855
1943813
1742625
1723365
1386158
1696759
1940923
3991553
1903417
1803950
2076615
2125639
1892437
1803601
1893375
1919790
1850324
1731494
1730069
2015518
2190864
2582166
1679050
1901070
1882972
1807955
2137127
1243042
1222418
2709476
3643726
2027343
1660600
1571734
1262378
3779593
2086746
2466416
2383275
1325096
3304733
2010323
1972337
2120001
2062952
3386233
1779936
1481137
2072880
1902768
2669375
1311348
1913387
2022727
1830271
4253411
1649618
1445582
1288280
1717924
1413077
1646245
2780201
2031553
833007
2357221
1557985
2585023
2080319
1856489
1268424
1893352
2216076
2179083
2149788
1661688
4098033
1579674
1797099
2034780
1834181
2003927
2090237
1876641
2281867
1368804
2027418
1973398
2057302
2550191
1924047
2044953
1802885
1758922
2016289
1919319
1990989
1839018
2803534
2000469
2220044
1587105
1674356
1763908
1759137
1946742
2889858
3297157
2417760
2789749
4374695
2123066
1476373
3664435
2088648
1664053
1710820
2215110
1347578
2025831
1063412
2106418
2180501
1646903
2035231
1534103
2097521
882060
2092760
2041562
1048415
2018984
1948794
3676769
1576722
3927610
2040566
1953849
1904844
909725
1218950
1620041
1989993
2081262
1600031
1490477
1992935
1792806
1959773
1473517
2038722
1757128
2036127
2719021
1494107
2012721
1994081
2112703
1948801
1281791
1383807
2153394
2838112
2624090
1313702
4448674
2782113
2041060
1870059
1705625
2207979
1567135
2066041
2050156
1859499
3387482
1534173
2026345
2033073
1926895
3286288
2026483
