3826261
3556241
3410142
3728976
4437307
3513080
3853333
4096191
4206344
4529454
3144265
3715731
5320628
3159286
3595055
3577441
3257734
4636708
3391907
2748778
4829172
4293136
3000106
3646176
4407414
3473466
3526322
3483535
3643372
3510944
4602949
3604931
4051663
3545910
4206160
4786905
3512521
3545903
4756997
3607754
3744934
2927392
3286555
3347938
6165658
3791331
3124719
3216796
3493955
3437865
3592927
3615322
3359992
3692088
3434335
4600661
3283398
3088769
3119524
4360721
4528369
3782758
3606996
3945080
3210101
2497527
2951103
3369147
2673606
4485519
4452492
3478100
4259299
2845468
3434739
3405019
3355927
1327429
2894801
3287119
3328104
3222530
3738386
3125148
3278427
3513841
3472630
3255157
3708670
3346620
3496079
3598676
3070182
3746313
3665113
3507428
3230079
2737109
2545320
5369224
3572071
3856788
4117990
3612003
5384311
3542514
3324758
3107409
3789435
3436548
2454493
3973689
4165558
3755801
3996156
3994270
3401207
3834084
3010388
3012652
2781504
3175346
2797723
4170591
3482531
3546301
3837799
3561885
2949111
3542402
3450208
4853162
3858126
2730013
2914551
3511065
4254900
2765930
3355855
3586489
3628288
4607590
3628944
2706805
4970573
3536622
3555854
2410898
2922124
2911679
4806843
3455752
6325635
3460226
2810669
5162750
2948285
3455737
5416157
3115092
3512490
5373508
3095577
3226618
3774672
5656018
3695594
3938283
3100232
5806006
3692824
3776926
3053123
2931365
4224845
3899453
3787321
3492623
3477618
3052470
2981800
3197927
3584066
3552143
3231925
3409404
3601885
3249066
3301375
3655811
4690864
3493573
4156024
4338863
3280359
3442377
3362320
3666673
3293040
5260174
3521815
3506192
3715686
3309804
4235978
4561863
3468408
2131864
3690022
6057232
2794427
2669232
4704598
4262751
2829606
3202537
4500032
5589233
3363209
3636470
3162203
3035150
2650807
4015296
5546696
3676298
3474240
2496429
3152304
3575113
3610446
3495190
3631899
3702498
3405908
3537825
3868856
3815858
2978798
3712717
3425591
3322505
3943993
2727393
4219809
3318560
4811098
3462075
3005760
3440740
3095960
3612527
2901978
2906898
5077233
3434754
3456633
3643020
3320721
4643103
2762437
2772361
4840455
3888923
5253924
4222074
4450306
1117665
3299853
3092008
3880434
3432334
2892979
5716836
4148558
3271685
5402863
3255902
2997136
5267750
3393733
5255441
3684909
3428830
4006398
4515149
3150977
3400815
3295940
3403116
4378076
3038850
2775455
4233928
3656198
3499762
4704114
4076054
3041513
2891148
4918080
3070678
5330091
3640660
2917501
4454783
5802110
3024246
3418180
3745595
3550571
3550866
3092649
4676504
3505489
2708837
3925444
2795135
4438323
5678832
3504465
4829389
5861293
3484118
3433753
3715272
3642926
3477606
2816725
5881796
3539629
3536683
4626123
3495313
3153897
5997641
2888226
3721495
3010673
3788979
5843785
4644062
2589947
3817483
2800667
3293317
3066655
3303201
3596797
3655325
2104848
3587589
4608087
3744138
2963345
3794715
3160290
3560223
3655941
3585339
3339351
3508067
4900432
4237365
3860377
2759063
5411792
3516471
3551215
1700812
3960576
2737707
6559436
3225602
3531684
3050658
4154699
6469046
3410644
3549179
4775235
3776475
5537216
3388002
4282823
3412710
4428204
3537446
2838135
3608487
3659207
3697146
3014246
4402448
3638401
2805456
3279780
3085832
5190575
4769042
3524316
4756216
3483003
3731963
3700749
3283044
5393673
3443405
3611829
4211082
1867683
3443248
4360851
3685146
5949951
3931121
3634229
5470162
3568378
3283875
4417176
3565688
3342203
2916068
4178583
3689715
3924915
4884415
3259311
3962088
4192720
3720929
2903894
3519118
2877014
3823177
5252523
3789497
3170186
2930224
3913806
2777878
4228897
4113551
3291618
3308952
3593491
3601510
4493370
2965903
4690687
3560241
6126431
4455531
3631909
4236563
3775296
5987901
3115781
5456505
3301063
3254118
3144781
3618554
3968723
3507146
3396798
