6346670
7737375
6100009
6328378
5569525
5851798
6794626
5291827
5890582
5591499
4706839
6202032
6694277
6977160
3820979
4256278
5240304
6649623
6536715
5338272
4460824
6870918
7330377
7022742
4774529
7366517
5206443
3447904
5335842
7487776
5580425
6343449
7526197
6386079
6722683
5996640
7630159
5577483
6847869
7534997
7493738
4132208
5049961
5082358
4217518
3775156
5030081
6130374
5798017
5444378
6037568
5881634
5451035
5466214
5386652
7142198
5474756
7515417
5769145
6509584
5674953
7305780
5854051
5079109
7098967
5268289
7345973
7486606
5583150
5680824
5710503
5971956
5949836
6599208
5780484
7093213
6128248
5955782
7491489
5065030
5504565
5588583
7466674
5766431
6008364
7499659
5709682
5014424
6137209
5097784
5675863
5545188
6003402
4545694
5444433
5425164
6370498
5631168
5680372
5693161
6310953
5466184
7602248
5291306
6140725
4855080
4526867
7848855
5445336
5129627
6296435
5700837
4996302
7002303
5985903
3667215
5693171
5480238
5659336
4888487
6597594
3724258
5509912
5566865
5538561
6049634
6740418
3615312
5392965
5443872
7657216
6869378
5491437
7211779
4989685
6992891
6343244
4830302
6554679
6978428
6122314
6097020
5655499
7542890
4661419
4751899
4980856
5725355
4373453
5153464
5779331
5546883
5039336
7130418
6324027
5387961
6868437
5490112
4792777
5399410
7430963
5180881
5611419
5698291
6890154
5158398
5705707
6386984
5790305
6028059
5426153
5469846
7037258
5309252
5233921
6682574
4301982
5683866
5114750
6038262
7113230
6933515
6006792
6572930
6732294
4545659
5958699
5363330
5375116
3822839
6036109
3685768
5458137
5308099
6174609
4217728
5512799
5206428
5517845
6016053
4912460
4641955
4912730
4933176
6887834
4633622
3138027
5539020
6419973
5736813
5969623
4183866
5156556
8091879
5182293
4238723
5652487
5052726
5200087
5851024
5707734
5969352
5500373
7221686
5829809
3872481
7074286
5565947
5695159
6875212
6089046
5677744
5987975
5780779
5399700
5710439
7387941
5014311
6843332
6082392
6269680
6745521
5306038
5704788
5176579
6538704
4702143
4660606
4940408
4122600
5507103
5468797
7504250
5606748
6885827
5736447
5799735
6743624
7372900
5047975
4807736
6803948
5697665
6108652
5065055
5496318
5924466
