10163359
7895777
9008846
10039193
8676281
8834147
6851816
5281891
4728540
8750768
6779028
9235874
7999934
7922203
6269016
9478359
8704655
8213713
9333344
7857930
9885818
8855623
9447235
6093756
8446724
6328622
9372333
8259064
8257615
8260627
8185770
9908403
9542219
7442377
8181483
10038678
9223667
9570556
8245243
8467426
7308670
7915665
8326792
8551987
7806754
7686808
8053069
9515916
9147817
7992440
7705996
9197833
7984132
8438403
7514933
9710877
8889458
8750352
9488255
8603854
7947463
7870704
9877883
8153386
8370659
7865726
9178909
7739011
8884137
8025401
8189388
8020778
8884167
8145194
7757854
6760899
8652420
10210485
8099155
8538043
7956334
7528944
8360489
7787511
7922799
8985552
8570003
8852499
8147422
7894268
8662172
7992476
9318766
8379800
8792393
9007648
8388125
6511261
7659484
8126788
8452222
9297694
8122701
7150790
8952909
7670828
7678286
8982036
7238624
8469300
7801791
8922236
8182379
8018506
9055765
8758155
9375976
7461928
9349820
7996168
8311002
10301008
8197692
6690290
7706505
8744465
8123100
7929824
