12247233
10197620
11257798
11793906
12428313
11435342
10990228
11619423
7864693
10850984
10926752
11154130
11663428
12577513
8549998
10299199
11194911
10829043
11617691
8594904
9976934
12707539
11513330
11868748
11953234
13564169
11784553
11058552
11565881
10261388
11980537
12600208
10910500
11264977
10896547
12629498
11209978
11062425
13748326
8320259
10875392
9094625
11012496
10930279
10623726
10344169
12689241
11722704
9825299
8693011
11022115
12177637
11114097
10669430
12026109
11362169
11280700
11484392
12257023
10970143
12149018
11667411
12613296
11187215
12018516
11585016
11357134
11143058
11429103
11440946
12534716
12102700
11740451
13242908
12070533
11826210
11119562
12572690
9598004
10690297
11129045
10672395
11540210
8338583
10654791
11364205
10570459
9948261
11143961
11247158
12175613
11939849
11648401
11763348
11381390
12162680
