255086
255485
254664
253391
275675
267697
254265
253715
275101
253716
296533
169891
161602
254936
276298
255785
281069
256409
257356
256334
254713
256907
255510
256059
255088
281267
256084
254414
255410
282853
276672
255809
272458
256356
255311
256081
256284
286519
124326
255710
255236
257678
84840
256333
257806
254515
255659
254687
255385
280039
106325
254836
205239
267150
256908
255135
255735
256309
255263
2468
255238
254312
255535
268246
258277
255809
306905
255110
255834
255860
257207
274801
255236
256159
255335
255535
254737
429615
256034
234257
256458
256932
291303
256159
257132
256932
255185
291318
255885
254811
255684
256732
293032
255734
255834
256633
258826
255884
258851
257479
257578
257654
257604
256133
143420
256109
255909
293022
296138
257504
256158
257953
256458
314235
275999
296947
255735
256133
256630
255185
257429
256533
231886
62116
256434
304214
255685
256358
2209167
254686
255737
266202
255535
266278
257977
255610
288213
257478
257357
254914
254412
254040
257881
257481
257007
257431
257756
276049
257803
257354
257978
255160
256581
256583
255934
259871
29901
255885
256308
254016
263188
256231
255510
274754
297124
297534
254761
257578
257479
257829
255810
255785
255934
254215
373416
255884
257005
255286
282427
255535
257406
257531
256433
254789
254088
255385
308550
254515
255860
316825
256256
256159
257204
267724
257703
257004
256109
290531
258152
255559
254092
120186
425029
256258
256159
368997
256059
113042
267775
256730
255061
257054
255860
255934
284997
284798
254689
279215
255559
254365
144132
256308
256557
258002
233703
257354
255984
256034
257229
254712
257082
256533
255885
301423
275375
279864
256009
255360
254762
255311
256309
454646
254040
256483
256184
254714
257107
269693
256606
256034
313064
256408
303116
255859
256458
256059
275327
256381
239058
255685
233020
255410
255412
255210
306234
281035
276897
255635
278726
256458
256208
255984
256058
254589
53814
255560
256757
256756
275004
256929
297212
292101
257581
257578
257582
275924
255460
256655
255385
257429
241392
255186
208102
255460
256483
255211
256733
256284
255360
256084
255585
291689
252593
286045
255585
255834
197761
256109
279587
313785
255038
254989
256408
257403
207216
255435
256383
253491
254315
256159
266277
255984
63578
255510
257229
257379
256383
257503
255785
86545
255385
257304
255435
260770
257005
255859
257404
293050
255587
256508
255311
255535
241115
255036
253666
256009
255036
256109
257829
256358
281955
256380
284872
255760
257703
374918
257729
255315
257354
255734
259647
253816
256059
413133
256009
254539
255959
255710
298846
141240
276398
277546
257357
255885
256333
286018
230255
309273
257431
256383
255959
256880
256184
258102
256109
257254
167423
257454
275799
256209
255785
255737
258302
256431
200873
256009
258277
124780
256807
300041
199985
296850
255934
256829
255612
362631
307604
256408
256683
257453
256183
256933
258250
256233
308054
257629
255810
257406
256680
256409
287397
282889
255186
254864
256333
255213
257654
294843
254863
259006
256481
256883
255238
256181
257728
265928
255660
255934
255285
258102
174280
261619
263038
262040
322549
297134
262340
261766
259522
261269
292249
260196
260146
260895
226384
259822
260146
261943
260595
260570
260695
260820
262340
262215
283851
289982
258798
267874
404193
300251
293421
258726
259176
314160
296513
265731
260918
297134
262167
261669
162340
301396
292922
262215
258898
275524
273731
278441
270143
280760
317127
283575
266028
262415
390866
265206
196752
264758
262839
262065
261690
306581
258452
259997
261094
261840
77844
259425
260595
297708
260970
261466
412620
100107
267834
257703
277294
257454
57881
316118
259350
257528
167003
277795
257778
259897
256333
339260
55758
258627
285221
276423
258576
259847
259799
259847
257282
310734
257057
255934
256757
256783
274038
320490
255387
254686
319495
258552
284326
284723
255410
259026
258377
257057
256059
257803
257404
282978
255734
410042
256583
256358
256733
257803
312241
255859
145789
257506
256358
256309
255585
284723
256458
256558
278067
254387
255535
256459
256306
256381
256483
257528
256456
258827
279612
255211
133215
259722
258053
258003
255088
325351
255507
257280
175497
257107
256059
256705
256583
256159
257182
73968
257281
257357
256708
255485
256059
256607
257129
258501
255635
257107
292501
255311
256982
257129
255311
255934
256408
131597
255485
256283
257654
19758
255136
254936
256284
309985
255160
256034
254664
255709
258152
256480
286542
255360
256283
24174
281581
280735
257029
255709
257853
255712
255635
255513
310360
255435
340366
256630
254290
256209
259098
255610
361491
256333
256334
259772
306446
255884
255013
256284
255860
257429
256234
255061
304799
254564
256982
254661
257931
114362
256683
274876
256733
282230
199827
255286
256333
257279
256932
132329
344158
255634
256531
255984
257431
257129
256730
320643
256533
256206
254090
255684
256580
255063
256134
362538
256256
294220
310272
255984
255063
262193
256580
257329
255584
258552
256134
255285
274030
256683
255934
255038
285172
258601
256458
255809
255360
62810
257653
256309
254464
290132
256059
255984
257030
287115
1043659
258325
260770
296498
255982
300675
380134
255435
256134
255884
256481
255834
255634
256184
266579
257903
258377
172513
257356
325127
307205
256184
255485
257928
256733
307617
255110
256583
255238
256059
283762
256630
257329
255959
256904
257204
316628
299617
254387
263862
107910
303430
257653
299777
256383
257503
257129
275500
188314
175298
584147
283427
282928
277120
295876
255410
278417
256134
258951
399579
257257
280795
121215
257906
256009
256134
257005
300491
214022
256683
256358
256109
258801
257506
256109
256259
256159
257082
255734
256408
223255
254861
278067
256109
233776
255235
263138
254689
255660
259076
256009
256181
257032
254838
255036
256358
255063
255909
256383
256458
255635
255164
254888
255360
270467
268248
255785
256308
253141
254339
254636
255934
257606
255585
256034
254614
256159
256483
255460
256358
106470
281906
256009
255735
277843
244977
255709
278691
256333
415489
256907
255859
274554
255810
282654
254189
256234
310771
256733
256309
256306
256234
257182
229109
255959
256183
301511
257032
257703
256555
256982
278352
255959
256233
254986
254661
255559
256331
256206
279288
146270
221866
256308
256883
256059
256209
258003
255113
256904
266202
255113
256533
255261
296900
254412
255984
257329
315357
175645
254887
255659
257204
255809
255460
255535
256408
253616
116501
232810
256159
257556
254963
254911
257831
277967
439520
257728
256084
256134
256583
253666
254714
256758
256183
112479
254788
122932
256234
254913
277718
282105
307280
258375
256259
256059
253766
253616
256381
257630
256059
255660
268508
266903
281484
254537
255335
254789
257232
