2115989
2194282
828065
1575182
2240204
2194307
1810605
2210459
2671041
2152010
2302157
2260211
2297114
2318249
1562969
2162008
2179629
2186436
2130142
1774937
2166467
4310289
2624975
2546747
2362369
1610662
2000162
2125836
2221254
2130689
2204658
2164571
2234726
2327580
2284412
2702699
2246165
2220156
2249593
1826805
2230367
3006186
2239857
2647373
1979371
2435678
2209090
2256889
2183298
2247121
2195403
703753
2239575
1216225
1625029
2035990
2302322
2248794
2904311
2033756
2170379
2236458
249207
2120862
2210035
1477177
967994
2169110
2291852
2210259
1922623
1557397
1415026
378554
1630080
2065005
2204004
2245598
2211098
2021449
2171749
2519901
2205507
2209089
1826890
2198068
2216732
2152835
1150760
2233691
2162432
2124945
649153
2240892
2204974
3841410
1191554
2213526
1753134
2964395
2407631
2172523
2169431
48125
2221900
2224393
1665882
770006
1422056
958628
1390772
1275503
2270332
2301269
2261334
2689661
892658
2172099
2215520
1997415
431248
2130020
1558634
3243842
2172201
2169780
2242290
2166741
1902733
2189776
2169895
1020088
1416332
2110048
2148670
1936913
2211984
2172787
2761432
2268383
2149466
1438098
2135605
2115767
1494322
2201529
2102001
2241099
993880
2138802
1891201
2171138
2141229
1006656
2122422
1861954
2126337
675715
1680443
2030537
2145345
1617534
2154227
2563615
2108938
2149522
275450
2130374
2260787
1438018
1002769
1079225
2134572
1590966
2185437
3819150
2057929
959685
2192191
2198621
1960629
2204430
2198978
797507
2161631
2161681
936925
1487416
2238170
2203307
1586674
2206337
998097
1436731
1256539
2201012
2545310
1298685
1871978
2181124
2183290
2553056
2140686
2202285
2282309
1670164
2219662
3342447
2190020
2160633
2177085
2128773
2198747
455941
1854049
598283
1689193
903357
2201287
2230452
3419660
1453811
2213227
2272872
2945845
1920212
2170629
2179153
64926
2220955
2205476
2239076
1726194
2193304
840518
2171003
2170903
2170205
2150550
2237756
933172
2197219
1957549
2022797
404403
523945
1526901
2161745
2226275
1612767
2225189
2227257
2565272
2245256
2185187
2170083
2266936
2180678
2727778
2209137
2295367
2226587
2220431
1213395
2148665
2230484
1401213
2262908
2222798
2232920
1622704
2223889
843635
1554918
915462
2297665
2241291
1576917
1785882
2209446
2251711
2747760
2567050
2062178
74393
2389403
2295677
640791
2178250
2205276
3265475
2311333
1346510
2167979
2211258
2230175
2577919
945433
2163014
2303048
2283529
2285306
2193726
2296830
2248098
2235859
2215071
2218312
2215719
3732734
2216174
1196142
2206222
2219607
2307926
2392240
2137784
2208640
2234714
2210185
3238945
1926879
2446975
1873073
2227932
2324305
2179527
2169484
2171477
2232670
2219261
2202334
444582
2195604
2230125
2210487
2291991
2193710
603072
2172176
2210362
2232520
2209639
1917744
2196403
2435677
2011268
1511310
188565
321376
1279343
1237535
1297724
1423253
2210459
2362222
2282215
711661
2288665
2172772
2220331
2221102
2193534
2202127
2634338
2214599
2212106
2214275
2217788
2588851
1768517
2903626
2086273
2169334
2171203
2238102
2120860
2214763
322851
2123440
2289045
2146547
2206546
1438947
933733
2169010
1964117
2148596
2166197
2160930
2159512
909559
1967299
2025822
553410
722203
1679734
2084428
2144975
1789503
2150290
2152383
2748648
2067880
2173571
2140293
1768410
2150584
2496863
97555
19560
1077016
1344159
2265746
2086355
2117405
850974
2149441
2151959
2150157
2127255
3462883
1796629
2391434
2129402
2116144
2144635
2171565
2126282
491651
1579871
2008766
2121217
1186835
2146826
2130003
3196425
1743177
2389436
2129975
2147672
2120853
2068968
2132658
2154522
2128810
761060
2111308
2135086
2125666
2105469
899986
2149181
2146702
3715659
508582
1775879
1069128
2129754
2236486
2517415
2162398
2171699
2119707
2529577
2121826
2138923
2157940
1873375
2135071
2574151
1854249
857714
1083018
1062023
2206277
175345
2017649
584297
2130874
2110533
2614905
1851719
2010215
1567602
2140892
2141916
2714188
2136518
2150389
2148870
2146452
2102844
299388
2080067
2145753
2129576
1248180
2094849
1268307
1071140
1505728
2175166
2222372
2138552
2688795
1917325
2125040
2123969
2054630
243995
1978675
2155675
2139922
1419758
3143291
2146752
2141591
2153282
1922774
2138340
2253591
2057228
2574281
2140344
4384
1193233
1034556
1099854
2026305
2125401
1787275
2140843
2140446
2148246
2598034
2081331
2226574
2150726
2148296
2186382
2262698
2196014
2215852
2173774
2191178
2163812
1455558
2312944
2296717
2333937
788132
2096264
2067875
2186606
2165544
2144009
1580433
2027810
995051
2083775
2119034
2139198
2140146
1848268
2121020
2123253
2146460
870692
2118937
3172115
1243393
2169706
2141142
2141965
2689329
845424
1145476
2142782
2151952
2121327
2144234
2118510
2140084
2141523
2898698
1999672
2141442
2139074
2137179
1278233
2041881
2136161
1271419
2139101
2137080
2146302
2138125
1609054
2157793
2138570
923270
613218
1788435
1347723
1972591
2165119
2156044
2107181
1871194
2394119
2139209
2121626
2142090
2119979
2143585
2026777
2152516
371377
1919738
2139397
1506097
1859750
2122100
2119209
2146801
2139747
2313608
2142379
2142141
2139972
2145704
1526869
2508816
2269207
706480
1364960
1099477
1963970
1415787
2270522
2101584
2135533
530201
2139548
2220533
2160833
2206262
2203779
2142040
2124241
2147238
3443413
1074182
2129776
2188875
1354865
218389
1496254
908064
1369847
997476
1310885
1021031
1284402
1152020
1194825
1200275
2258581
2083595
947452
1456359
2086607
95386
1643480
66859
2151522
20167
1642477
2201411
2202360
2202934
2200216
1536238
2196763
2202314
2582465
2197374
2297409
2200341
2164648
2159737
2161232
2157993
2158415
2182045
2167040
2194260
2171553
2130135
2139188
2154092
2155934
2159088
2145516
2197171
2201437
2197416
2177720
2199231
2199028
2201214
2177157
2197930
2199628
1939521
2189488
2191832
2197027
2196895
2190147
2189713
2197703
2195363
2177452
2197009
2196279
2194210
2176453
2194973
2192753
2052928
2206921
2213973
2217367
2210509
2213401
2186253
2191503
2180378
2187697
2183163
2191902
2189411
2185044
2188922
1577075
1552049
1632890
2223290
260785
2151790
286721
2033168
226814
1980246
234390
1831723
316542
2240770
2215470
2163044
1115669
3288658
2052513
2186068
2186507
2176920
2181803
2183004
2182031
2169588
2179977
2183894
2168346
2163643
2166681
2185723
1614718
2385576
2266734
2165853
116187
1997374
1870426
2074198
2196376
2134472
1019340
1438782
2740166
362294
2128504
1921063
2099133
2155450
2155246
2141392
2141417
2140568
2163929
1889133
2205873
2160555
2153262
1815222
2151610
2149691
1469781
2178913
2193219
2120922
2160880
931138
1280574
2053415
2155877
1145291
1167439
1946673
2137134
1384316
1049224
1976481
3415253
2126172
721200
2135039
2140543
1851337
1896005
1935429
1543954
386192
344326
1682473
771530
2134188
2110508
1433022
1170429
3002249
2116279
2142344
1527969
2130848
2213641
2146228
2131548
2129379
2143238
2153780
2161556
2130625
2150989
2123420
2123196
3686618
996832
2110060
2121801
2120780
2117938
2179360
2129227
2141366
2142888
2139921
2216336
2191440
2129177
2141741
2181122
2164448
1944577
2141167
2139547
2172997
2168039
2049497
2138824
2138949
1818456
897469
2109564
2122400
2146824
1678691
975212
1650761
2120727
2140246
2122323
2118906
2115466
2122397
2120556
