4739302
3590524
4661746
2183744
3588326
4112281
3777246
1941745
3618052
3761807
2674320
3951404
5699264
3897644
3927465
3493846
3798458
3251820
3290994
3836105
5264392
3364014
3802411
3735070
3581458
4557973
2901806
3724403
2951644
3784390
1394440
3731531
3664220
2566990
4582599
2266621
2808860
4277773
3134019
1615510
3175638
3724354
2635838
2728753
2390027
2696728
3762171
5057477
421331
3137228
3748961
5145597
2375369
5184741
3607953
3355513
4773207
2269263
4687794
3281764
3924741
2090310
38695
3003447
3319314
4247160
2255410
2823927
3217939
3773560
2653095
3483766
3615574
3257373
4466016
1919080
3002883
3748157
2955248
503739
3342405
3727489
3768432
4588105
2938022
3220948
2914087
3013880
1646813
3384381
3827339
3472153
4255747
180645
3960578
2871637
4280495
2296777
2792236
3541771
3787860
4436477
2210374
4701913
2786552
3752060
2888803
3331665
3822553
3667702
3753160
2151381
2910179
3785425
3749979
4157798
3314118
3774476
3718628
5148354
3298405
2615948
3762413
3738890
5154174
3636799
2668531
3042284
3859139
3243296
4901688
2911884
4059902
3174632
3927273
3591719
3677471
3336728
3945744
3769253
3769425
3069625
2155698
3414135
3802805
3622269
3387698
2247939
2907178
3734543
3771893
1425474
3310228
3587709
3908891
4731453
3426978
3154366
3762588
5638393
3220169
3436942
4660686
4055029
2862215
2895080
4280814
2168765
3793377
3830441
3563325
3516817
2224176
3169890
3894994
3825068
3649631
2167271
2888084
3851866
3833515
5074663
3692602
4087303
2391496
3833323
5389387
3487994
3711684
2905172
3098129
3795688
3343433
4860906
2308100
4016940
2980932
4089427
2950558
3473362
3722471
2838894
2997396
4156792
3214405
3922664
3250110
4322294
3377863
3634606
4013023
5119030
2884493
4269137
3776282
2824430
3854246
5706014
3385192
3891935
3012258
2625707
3469521
4534577
2198636
4725838
3407215
3616949
3124510
2072226
3633435
3529561
3947625
4190092
3894110
3824307
3952321
3915765
3559754
4790429
3748243
2903280
3866628
3831136
5436123
3546349
3881449
2552976
2947657
4077409
2241968
4931950
3660775
3432495
3008552
3281052
3538459
4931274
3036685
3968422
3081053
2978908
3896713
2892378
3585491
3928643
1793545
3301085
3633311
3932396
6490003
3614908
4566238
2564796
3304731
2828478
3836587
5333579
4167901
231026
4134973
3554469
3589194
4690452
2170012
2816656
3786251
3415141
2977049
2111248
3566197
3312361
3100030
5253142
3691184
2196526
2391314
4797710
3553042
4030140
3698299
2863148
2647066
3852588
5297836
3702969
3784232
3867343
2626348
4011510
5029640
153090
4689289
3129410
3838929
3803703
3177585
4889074
3711883
3928761
3090264
2131520
3648799
3382472
4859088
3249222
3461991
3758810
3137747
4868063
3550763
3422644
2741425
2716052
2413830
4020648
4742886
4913009
3599437
3897430
2923894
3237477
3797353
9040
3100634
3740597
3893135
4369742
3313652
3794136
4515718
4135000
2888201
3640569
2067148
3400571
3754803
3676156
3856172
1849198
3189779
3843237
3962453
3760218
1577167
3560081
3355331
4139954
3870907
5318624
3261562
3824838
2768358
2996537
4386663
3045575
4003026
3676952
3500410
2816643
3229547
3632954
5495051
3833130
2576494
2812700
4354624
3329489
3685478
4006452
3938665
1463647
2096226
2529553
5115534
4092069
3844631
3285419
3161734
3926750
4761257
4133154
2887273
4777701
3832527
3123306
2959909
3783204
3772652
3876180
2765307
3637371
3194545
2095942
2184949
3233938
3842738
3064208
3200404
2085155
3005727
3858166
3824652
3851975
5251183
3795317
3827613
2664674
5444151
3485414
3850011
3861941
3007282
2865615
3763711
3847296
3886472
2658348
2263350
3763708
3114558
3168768
5367368
2888571
3541633
3400591
1850261
3211650
3773882
3897061
3844209
4198314
3574804
1413941
2535781
3685149
5546867
2861563
3121619
3953666
3122264
3903421
3814418
3799074
4781012
2930649
4015031
3500545
3282932
2796915
3487527
3521993
3451046
1603779
3536752
3317499
4808301
3325978
3562062
3922108
2890881
2650856
4785982
2976699
1539073
3560490
3886685
2579429
5316413
3661101
3879670
4125950
3525506
3861115
4206182
2121190
3909467
3846196
3858028
2511526
3824085
3178201
3431178
3599283
4075338
3861597
1387103
3618394
3160238
4745761
3740223
3769195
4225838
3313432
3904574
3855272
5308423
3452765
3306395
4925256
3668392
3599542
4384565
4083532
2705285
4650360
3010227
3919528
3334979
3251032
3130471
2803587
3852080
4056494
3811249
1941377
3320486
3420574
4026013
2978010
3786687
3477523
2954668
3870700
3927890
5667212
142335
3176142
3797410
3187102
3148981
3739439
2111031
4761466
3558603
3866625
4272462
2084588
3679637
3870687
3855782
3941958
3867511
1653331
3542329
3371451
4721327
3495444
4093429
4176570
3169258
3856234
3870158
5224259
3619784
3383658
2485565
2986990
2833833
4119692
2080336
2660057
4340395
3083097
3843211
4046947
2909094
3797899
5319261
3795733
2602939
3382711
1824554
3332169
3555799
4144570
3908172
3568477
3767227
2974898
2791889
3818889
5350622
2510063
3690950
3893180
3880939
4910930
3927947
2327048
4791275
3830133
3868502
4008466
4617555
3977495
3896721
3561464
4182761
3812110
3583477
2625947
3872412
2746697
3065570
