4501994
5444521
10182099
5700812
6885066
5122969
6102367
9414918
5763591
5447307
5723564
5881050
5320835
4286471
7677595
5479379
4807193
4971901
3189822
4779557
5939388
4040866
3012150
4699420
4734043
5434963
4372644
5202105
5639963
4107410
5300955
6943703
4861273
5138238
3043150
4640016
5588829
6708825
6815195
2807722
4574894
6731210
4806055
5120958
5008759
4851692
4935881
5836596
5828880
5277305
4953041
2570325
5624121
4032159
4577948
4857613
4744825
5387048
7146565
5752509
5844279
2771822
6036809
4795372
5705939
5856184
3019419
4394034
5752768
3785749
4890858
7015182
4805496
6148021
3576323
4567188
2926072
5324152
7383020
4306925
4853296
5862669
5797926
6112560
4023398
4739460
7438998
4662265
5225455
2947774
5381533
5971318
6081708
5867034
5984566
7229164
4754100
7324441
4640256
5995403
7475219
5361067
4352056
4874774
4954676
5967341
7124521
4842863
4845700
4791467
7059950
4972779
6509986
3115271
5684013
5260217
5978596
3401292
6089578
5078433
6321545
5461863
7421408
5571747
5091087
4828847
7783057
6020384
4821688
5740766
5078832
6535336
5685655
5736649
6296641
4617521
5073977
6631108
5393678
4909962
4889860
6238977
6219170
4500613
4805055
5932626
7188105
4814659
4057310
5450197
4838411
5097622
5757509
5003319
6613479
5822008
4514690
7329359
5905779
6122918
4928634
4869079
5435477
4105903
2563416
5931417
6137625
4657294
7543651
3130538
4871370
5249082
5085789
3000605
5300141
6585098
6709257
2974190
6678781
5834926
4633244
5191628
4815589
2661904
4842351
6065209
5959632
5929239
4730964
6564975
3523657
4710669
7304178
4830686
3499460
6112131
5440183
6296585
3349248
4649297
4864974
5678111
3922263
4624896
4890836
5152646
6259836
7092089
2903066
4836203
6380414
5647374
2857611
5543759
6338740
4814681
2764979
4479723
5636140
4301640
5192723
5981706
3665410
5258929
5925716
5621301
4808338
4472407
7411664
5357766
5869462
3712130
4678212
7061597
4974668
4657158
2847502
4604501
7253067
4856523
5236895
4181676
4728697
5179808
5133103
4942603
3059057
4582707
4692675
7042635
4496744
5663868
5400810
4930594
6565147
5065230
6220921
2669095
4617741
4991125
4872186
4609212
4533734
4815777
4767076
6055261
3420351
4494640
4993984
5008133
6944053
4553282
5133205
4818871
4811697
7254253
5113607
4343951
4781938
7079044
4964250
4742173
2920011
4784054
4348784
7253494
4153873
4811504
7104050
5045061
5723754
3711100
4512636
4536125
7166040
5999939
4516626
4814079
4654696
6437971
4921181
4677110
4676394
5253319
5850296
4462156
3092427
4599748
4805738
5328254
4533672
2578298
4398913
4805938
6040815
5624757
5866080
4532122
4797689
6764006
5082575
5998906
3543620
4636888
7078376
4812061
4610837
4747972
4800336
4978109
4977815
7258934
5662316
5931840
5797216
5836696
5665148
5646443
4887098
5442060
7235930
5851311
3288501
4699608
5260983
5322345
6854481
4638812
4708424
5577585
4029324
4866905
4841853
2732321
5304096
6001292
6442463
3154568
4694397
7379235
5461708
5876803
3081704
4801431
5383575
5397689
5823231
5832010
6905718
4707315
5575970
5833240
2974489
4296033
5632909
4843068
4885732
4976697
5866528
5960625
5919475
4631523
2651720
5012681
7152549
5797495
3536705
5522868
6300163
4754651
3187030
4637067
7349610
6274993
5663821
6030769
3521758
5730758
6008224
3920022
3023437
5372313
6014098
5309162
2890729
6655268
4436322
7688821
2677582
6128482
5462030
5588854
6112556
5690451
6136221
6989578
5336528
4389593
4686659
6931180
5198090
7269185
5181814
5972805
5563781
4304983
4842392
7004557
6039932
5935797
4646036
5401082
4666270
4912744
5182740
5170759
5381529
6828996
4400951
4977770
4665499
4762115
4857935
4930219
6317083
5833185
4414698
5896478
5670478
4564594
7215280
5974011
6093009
4689085
2898703
4730774
4863021
5167534
4999703
4755959
5534019
6058414
5285746
4827285
5139414
4303571
4611934
