9379747
8015700
10167729
8356365
8616403
8240289
9750190
8431453
9202058
7291757
7054905
7366237
9870342
7098313
8440686
8943222
9978856
7527312
8753830
5824094
7002279
8200132
8767776
7396780
5752387
7383000
5567197
7110318
9208396
8481395
6106487
7352508
7700519
7340814
7581189
8000787
9989583
8272908
5814508
7258769
8562612
6984355
8472035
10638698
6771964
7598455
7975744
8406937
8597701
5360603
8324474
6332988
7165208
9144234
5582883
5958871
6706444
9580187
7877399
7642677
9494503
7687743
7015888
7303644
6868093
8367925
9781147
8654998
6784889
7677864
8469988
7869160
8264227
9637794
8749650
8514220
4858808
8031033
6667006
8001012
7474908
8019240
8948022
10818453
6833249
6898499
10125046
4797029
8417879
8824966
7788901
8989981
7327210
7918699
7264011
7138465
6974336
5477580
7115429
8826329
8572872
9650480
8511530
8735824
7883777
6720595
7244271
8699694
6391064
7479866
7302641
7321990
7058066
5046995
9646458
9573308
8389619
8291246
8349672
9387961
7568487
7143818
7374589
7564295
9101486
8548578
8343334
8570871
8739777
8290879
8793108
5898438
6875941
7204022
7954791
7346065
8007377
7019663
7509483
7102407
7328765
9589193
8512733
8822214
8361051
9861130
8649813
5002151
6965632
7233614
7992572
7260988
8024186
9332694
7744042
7077612
7302969
7414147
8121695
6422588
7160441
7866136
9652880
8145798
6609632
7314247
8232033
4697696
7833709
7996368
10076590
4032261
7906507
6729434
7419867
5487091
7944470
10271565
8778985
4832388
5808112
7265820
8148747
4709502
7652060
7569206
8118850
8821418
7498621
7572337
8746958
11043333
9565563
4755298
7970579
7614845
7916685
4850414
8287887
8638005
8699253
6305694
7040502
7703710
8401612
8944169
7313004
8107220
8617853
7615629
5371605
7434195
8610357
6303659
7260461
9757095
7817429
9201381
7510896
7291941
9986963
6997979
7577179
7217107
7896047
7013120
7363188
7263620
6996394
7606765
7133315
7588023
7394152
8568563
7629655
9630753
8262573
8527238
5797539
8734064
8300062
8554429
7110014
6968689
8747304
9745437
6930303
7150143
9893469
8983381
7832638
7297249
