10883439
12064772
10763743
12839950
13196790
11047668
11023498
10626124
7543145
10886700
12454544
11463873
11565081
11573939
11531172
11471911
10515979
10512434
7838744
12296863
9881326
7976468
11641549
9905276
11034961
9577253
11009477
11173965
11498405
11342301
12750735
8895601
7267825
10302904
9664157
7393545
10295503
12152053
11428055
11140333
12001775
9885861
10261819
9839922
11052242
7719241
12167729
12070960
9898856
10001785
10583043
9622186
9774484
10739864
11484492
12331486
12186785
12637176
11593941
7912029
11110370
10638294
12188055
12387515
9810657
7682810
10586788
11122851
9784468
11725474
10420913
12687309
11680878
12688582
12149814
10231057
8003038
11974583
11471634
10676386
9537882
7936618
12131222
11640359
10434512
11961833
10218325
10816869
12128285
9804650
10528227
11650677
10620226
12325257
11529977
11600424
11655039
12097961
9883605
11802287
9803932
9881047
10440262
8337190
9533035
9851251
9761239
10436081
11659152
12850447
11581594
10556341
10097750
12560929
9504597
11650755
10512909
9853858
10411323
10790696
12353849
11670936
9812782
7796913
10739961
12146271
9826180
11131702
10927865
10507165
10717048
10772250
10535592
7791578
11053669
9639773
7110443
10564888
9681125
9611342
9871031
12723779
10038346
10528630
11603458
9858570
8035222
9884361
9796788
10737588
7051713
11825581
10047966
10068612
11090727
10830323
9681392
7345626
10152379
8569069
11399212
13085866
7378062
12334013
10218413
12893253
9648496
11207992
11397461
12140589
12145477
11792079
