13951454
13752753
16275385
16852002
14794909
15683448
15532176
15001005
14916444
15854895
14799106
14998926
14501573
13001139
14973022
15193501
14520303
14844771
14367480
15968921
12106440
10878019
12725136
15079473
16916807
12419842
13594335
14071084
14631884
15366336
14396670
10460508
14699753
12567991
14870045
16776655
15244267
14809814
15082467
16098942
15656819
16045245
13696713
14654016
14931191
10806421
12724435
9938382
14480328
15052677
16792000
15027420
14462256
14729767
15001888
13481487
14551671
14686211
15718893
13358009
14725286
16335679
14696150
15329946
14243895
14599861
14263021
13844298
14946060
15124467
15212969
14499564
13302730
14599659
15097980
15030883
15038836
14912184
13187013
12707205
14740871
14819723
14824454
15826421
16347854
12406486
12139388
12083671
12290235
14719948
15112824
15319591
16155016
