18432597
19283878
21199510
20311949
20996647
19590419
17851332
17494532
18483147
19881622
19369863
19077727
20812543
19455136
15123025
17813712
18910913
19070634
20605170
19142072
19127995
14735998
17332759
17683659
18438416
19436877
19352681
20109811
19916477
19439615
19159783
18013437
18051376
19214723
19618654
17780150
18982698
19094833
17036387
17114112
19749800
17168969
17357404
18929099
19396114
21309634
20525085
20920538
18696019
20940660
19465299
22321056
19436606
19115871
19226690
20225356
