255139
249155
246162
277386
267700
242699
242625
242499
265778
242574
243173
163980
268496
254314
243320
243595
268196
243298
243919
12013
255075
42775
242924
261119
243994
243520
243273
260992
242724
242749
243448
243720
243795
242824
261668
243321
44492
243196
260471
242848
243173
243472
260171
243398
5325
260046
243919
243672
244119
260496
243148
243572
242949
243373
243196
243223
260471
243997
243572
256159
243024
242724
243819
261441
244194
243572
242924
261593
243295
242924
243348
242100
242524
242475
259974
242026
242374
247635
243570
237174
243522
260346
242849
243473
243024
259547
242973
243894
259896
243722
242874
242923
259996
243124
256683
277107
243545
244118
243623
243672
151028
243273
261170
244369
244219
242749
243447
188780
245516
261170
243024
243473
259847
241828
115885
242325
259325
241951
251073
261369
242699
193119
242649
260820
242873
242848
260495
244019
188603
243395
244194
243623
242799
260446
244168
492575
266801
262639
453817
257604
181144
360200
252044
247410
247111
268423
244818
266801
245366
245716
245589
265803
3523851
252645
445668
443198
247235
287810
254340
249529
368383
246015
245841
244743
246387
254988
131995
273109
244022
243672
270042
254015
244468
364744
244942
244618
245067
269619
182265
491117
270964
244219
245167
245167
272907
247682
247410
387637
247335
248855
260919
259722
250948
250400
251023
250926
250649
286716
367145
249301
356897
249105
249229
275999
347018
249628
248730
250225
248880
249129
187116
250025
250200
275051
250075
248259
283827
248458
247860
248381
272658
263260
264508
246736
246487
246912
247336
246936
246687
313284
247460
248331
272582
247807
247885
230223
246787
247161
246836
247510
247208
247011
246861
246437
246861
273306
246589
247411
325169
244918
246162
283827
246087
245840
107288
245866
245614
244967
244992
245688
246187
260471
245464
245214
271687
246487
256655
379025
262390
269794
278018
246237
231697
289808
247236
246486
275325
246861
246764
248506
246686
245815
246115
247358
247609
247410
247186
247360
270392
277194
279767
246713
246911
246288
247584
248306
139348
246138
272683
246112
246288
272336
246437
246836
270889
246911
246639
272408
246187
246040
272436
252400
246041
272685
246487
246412
272583
246986
248380
246412
246562
245988
246637
246736
246362
246362
246113
246836
247061
246537
246587
247236
202902
246761
247236
247158
245839
245813
215021
247161
246265
246187
246811
245963
230390
246640
246587
246787
245987
247110
222277
246786
246986
246040
246038
245865
542353
246387
271612
245988
246711
268713
247435
246487
271937
246612
246661
258170
246912
246589
272136
247011
246362
207742
246287
246437
272710
93234
246364
403223
246736
246612
272808
246611
247060
285913
246612
245938
271488
246936
246337
251525
246611
246861
352558
246514
246462
274604
247885
247185
271263
246637
247485
273007
246288
246587
272161
246090
178403
272760
246315
247036
272311
246113
135994
245716
247186
246437
246040
248207
117061
246137
245841
246986
246313
246512
137497
247161
246387
272508
246462
246063
227123
246512
246712
271089
247036
246886
257411
247684
247235
274005
248381
247485
248381
247510
248830
247361
247385
107611
248106
248331
350923
258252
247061
269943
247061
245888
272012
246213
190542
272411
247360
246087
247185
247310
61762
247682
247385
251048
214769
247734
183280
247784
248107
272984
248306
247735
247835
248158
248234
247410
247682
119124
247485
248231
275577
247186
247308
272536
247635
251598
247458
247086
137581
248081
248031
273531
247236
247934
275153
247982
247261
248505
248009
74116
247460
247308
279839
247358
247584
360051
247410
247759
279412
247610
247485
248758
247585
271637
248907
85564
270489
247582
247136
251123
247286
248131
247408
248455
269868
246213
47376
268770
246312
247460
246611
246512
246614
246262
246364
270290
246537
91451
269419
247336
246886
246237
246861
269619
245865
257729
271962
247684
53977
247635
247810
248009
248331
247610
270464
247856
248134
249925
248605
247136
248708
248356
350978
247535
247435
247410
248256
247160
247585
248184
270639
248430
247857
247760
246936
271961
247682
247560
268621
247210
246437
248231
248506
492226
247685
248356
248009
248905
268478
247710
248456
269967
248156
246961
260570
255610
271697
249129
197706
247457
248656
269644
247757
246637
246362
247732
270167
247086
246587
247282
246212
269295
246140
246287
247410
246986
350945
246786
218876
246662
246486
268421
246961
246946
246789
247435
246487
248233
224146
271091
247410
247710
247660
142550
270763
248209
248359
247485
224893
270667
248007
248855
247535
217165
270417
247385
247011
246911
224940
274006
247709
248480
246961
189711
271115
247710
248954
248880
192516
270716
248156
247460
248630
190021
271188
247532
248605
248306
192888
349673
248456
248830
248556
112299
251025
248281
248081
247560
189169
247485
247657
270042
248159
176993
247011
249055
271039
248356
170722
247085
247684
269344
248034
249304
158152
248157
271038
247809
247510
142822
247635
249254
247510
271487
160164
248108
249478
248006
272957
68424
247734
247610
248480
271213
145020
247859
247734
247709
270440
142705
352121
248308
247558
248256
28563
271041
247557
247682
247881
118802
269918
248231
248356
247959
113504
248106
247060
270217
247332
116895
248057
248431
271613
247857
102258
247610
248208
247832
249279
221317
248031
249453
248081
248531
271487
248730
247233
248309
247460
248181
247558
272286
248830
184107
248480
247934
270217
248306
83948
247832
247784
248258
248458
270963
248406
247782
248081
148466
247884
247560
271212
248630
63590
248259
247360
260944
247535
366409
248904
248009
247485
248456
271663
247208
271138
247835
140095
248156
248256
270192
248131
42870
102592
248134
248034
247910
270864
16891
271936
249204
249254
247735
20020
246811
247408
271862
247735
290456
248531
248680
248533
191725
270492
248356
247884
247635
19808
247884
247584
270739
248031
5187
247610
247435
247310
248057
236104
248059
269743
247909
247785
247857
248231
272037
247859
199974
247610
250274
247582
249129
248184
247534
271115
247183
87723
247784
247335
247707
248206
273057
247909
270342
248630
173556
247884
248056
248331
247483
160466
5
248106
248034
248059
248580
272959
248705
28711
247707
247659
248705
247610
247659
247934
271787
248755
181484
248480
248780
248007
248481
269668
249928
270140
248281
181756
247432
248306
248258
248406
247832
247909
271213
248458
14321
186410
248458
247408
247781
248605
247709
273381
247884
271562
51234
247635
248458
247982
248506
247533
250277
248159
272286
248206
270190
247685
248558
100831
247834
248480
248406
271116
247959
270941
247660
248281
248481
248680
248184
248234
180354
248306
270864
247860
270989
247906
248808
248782
247709
247535
247834
247859
247585
285439
248107
271113
247757
247759
248084
247884
248333
248455
4
5
248231
155877
248281
248032
249304
247061
250250
247909
270190
247485
273032
247882
249005
248206
141556
248455
247407
248830
248930
271038
247885
270864
247585
270567
247909
247934
248531
109823
247856
247458
247161
