843929
820695
851128
478750
813816
839588
705744
828967
808506
539773
831413
817851
470095
846639
841132
487821
440086
837269
915503
342057
831710
841033
638231
807507
827501
453570
829095
808307
385568
828124
807460
517835
590359
843950
822215
42644
833332
675359
655396
827972
840561
677894
807011
827398
849619
826677
807285
770969
826627
781591
822814
830614
2395349
1449135
822380
767278
874111
651174
859879
878057
919584
846816
818302
1086099
870285
916725
944346
814362
856935
1089690
362185
809005
852997
825207
864610
818726
863565
881589
612856
828895
854220
398793
413172
896815
931288
245229
875780
875280
539034
818999
861124
845491
865609
819473
843078
883031
881304
883008
826976
135071
557041
933407
730423
829491
885624
788533
882634
833703
832583
861671
823240
865284
844723
849584
863492
871965
823460
838517
177981
866011
947011
311323
392320
863093
861250
340870
830490
872613
782071
860650
818899
847620
872812
847655
865459
814912
843523
860052
593537
816184
847063
1090024
875830
848616
819348
858929
850220
943672
801469
820970
868725
730704
859553
827697
843505
872089
847939
835176
823138
241527
151663
863140
818525
397104
864488
876201
339387
832982
869973
734515
863939
822639
856383
860723
2630535
160137
832011
868252
744730
862195
832436
838240
869025
826727
876279
825080
826004
893726
810495
859530
819523
1056939
874083
650066
820970
839438
134058
869322
869349
318352
79505
289527
1849058
862320
858083
445812
865309
864239
620397
820122
833653
125918
832080
865038
768668
837891
865110
780246
866981
823932
824433
864164
834926
863518
819099
820272
862719
834744
947201
829743
236186
867528
862916
867056
822564
365091
867603
864888
2146489
289828
825529
864089
662206
865109
819648
16137
860501
872912
1796424
176249
863864
867951
609138
865534
822165
39328
865486
863118
1908122
16187
862943
862916
479504
863840
821691
76199
466850
863216
865659
158205
475429
865337
979373
861746
838667
52709
226863
863615
863690
196696
860227
943545
577660
869275
823388
823710
861396
812963
890759
823410
823285
863193
807645
862891
821866
823014
861297
822003
879966
832371
834827
868054
2726553
864563
863116
285479
836795
946666
610899
466573
822140
267924
877723
864486
2041896
77023
821766
863567
730295
864389
852720
838364
867405
854252
866557
683907
824359
837843
281564
916823
875655
880436
837219
946804
170627
864264
865858
248520
829245
865512
715201
867679
822188
838367
866432
234202
686687
593086
822862
70956
870170
865786
482865
877648
826078
43985
868501
867979
397468
822687
821766
865035
865160
515904
864760
823535
232136
869399
864538
2310756
133576
835550
867106
676961
880341
852675
824159
822564
846247
867156
849818
865586
835997
17499
959822
870544
1600004
823960
837170
867156
823875
868451
642014
822215
822415
1013918
865212
859094
862695
835450
826228
877499
355647
457760
867006
823436
116364
877374
865636
477218
866257
823214
823063
862769
831532
873012
869104
828920
866906
850677
875755
606203
278849
838143
825879
868400
863241
612023
866706
826003
843066
874011
414387
872688
947138
88109
327844
864563
867131
375684
865708
821267
824333
868328
878974
862295
770565
822664
823236
886896
860301
584861
867031
821966
172795
883495
876353
822634
865010
166769
435801
866310
868251
534446
863490
822836
836396
898958
818856
863417
603719
871618
822287
197070
872541
866532
443447
863765
835350
824408
878822
836439
867156
616652
946791
824706
823885
867231
366519
864813
865109
141172
357596
866731
867181
468457
868825
284330
300613
279363
865661
867654
892678
865137
296151
878247
825903
828396
878746
752650
868875
636856
823336
838492
826949
865858
341543
868401
866581
116164
824356
864313
719004
867703
861300
867328
824409
838215
867705
833279
866033
536292
881462
826400
826028
873733
882375
866382
863592
866882
509163
117355
872640
866008
869624
867156
2127311
163605
824832
873886
62610
868800
900880
2093543
95823
823935
864912
870470
947145
490049
508140
824383
983455
869399
1062646
869698
860743
865384
822265
822140
864663
953901
866457
742702
868251
821018
846143
851927
854595
888128
784783
862894
2532052
595915
819149
836299
825207
865561
637484
863390
839194
862569
819448
820147
674385
1013733
868176
851660
867230
848441
822040
822662
853369
872213
335020
879296
948174
865017
864538
820418
820521
1096368
874110
324752
863165
880241
2511763
874283
824056
822562
819770
854438
878123
401745
964314
884179
824308
823685
186630
863742
954624
870570
864588
343884
822564
823235
823735
891508
2467007
867055
864264
4624
700140
822937
156471
824409
862519
2377486
865658
863465
863341
873461
231043
821913
944219
867780
868626
614623
866757
733360
824059
822362
822839
862245
282682
866033
866931
864513
861895
229731
841256
826601
827274
873437
768695
873062
535671
1085426
931253
833332
847986
829768
873361
821093
875206
478768
865608
878023
825729
825529
198580
871068
866482
868351
861346
2260557
245199
823061
822787
823835
865933
780074
863565
436844
866108
864089
869000
823788
182727
271425
877249
867652
876725
520320
696544
864014
823310
836945
826452
824683
883507
783536
868451
862269
950841
647122
822612
822961
822687
865858
174839
128596
864985
861396
863543
898312
139842
823510
822462
866057
861574
745267
861172
533867
221140
865486
191133
522775
822365
865037
863889
862794
2215455
862121
863689
154325
821566
822938
823435
863614
806270
864588
366454
865786
866907
870969
822288
149664
109377
825307
868651
949396
866532
867804
866729
325730
862095
810048
839338
834826
831813
721167
1090887
866083
304745
809145
863740
542802
870098
822837
823610
823089
823311
864114
834527
862766
409406
865584
862220
866706
822290
117283
826353
823982
867528
863193
2361553
862966
867056
862991
863889
245274
822265
822837
823984
766714
865753
946307
216002
881062
866083
869848
863268
36444
837591
829070
60896
823236
864862
867980
866407
466151
869099
915774
870048
920640
870729
827508
830464
823435
822938
821317
867380
861122
897905
874335
927427
863789
590660
865359
829973
817703
835101
823563
847964
858879
820446
75758
867480
864538
874410
908381
956535
932635
901354
861247
65398
838367
826202
825404
841686
752783
866556
850035
1018105
173761
1208235
1032418
888939
940598
884603
510456
868700
1193542
869249
825030
838093
825854
825778
823663
816101
876203
852536
877574
370825
869746
866906
867006
862343
874086
863218
65075
823161
823235
869249
866358
952473
877623
2512667
875306
866332
863041
864039
868825
823784
57662
132551
831638
439197
863186
867430
72224
872915
873561
865858
900430
868079
865262
288109
864163
848176
822165
837369
829095
824458
823710
868004
798562
864686
848156
862894
431569
903944
865786
282367
867280
764341
823436
836945
500637
826776
139733
825255
866631
870522
866082
868725
904044
866036
862669
2452135
866931
863964
862517
863665
865437
822964
837968
830614
70293
835749
827201
823435
945146
868002
862719
864389
864912
483245
864687
539449
864510
862021
822988
823737
837718
825481
6338
823610
823910
823710
823585
865759
861296
867580
947667
864164
862120
862894
870969
