1300983
1854576
376156
1174903
1745987
1845976
1564004
1214236
1213598
1858463
1894405
1615771
1826807
1924117
1857118
1860664
1845351
1300751
1517688
1192527
1965088
1494032
1634322
1839172
1981021
2046442
5178094
2504025
3237917
1829675
1845078
1927319
1348616
1850039
1835880
1844544
1816672
1899447
1892462
3234832
1468169
1033969
1902523
1922173
1997597
1806201
809344
1908239
1600610
1952434
1522078
1878777
2352956
1884784
1203611
1581563
1851932
2152795
646071
1066658
1558696
1840392
2079862
1848128
1875201
1773391
1861954
1983509
796404
764374
1696582
1929008
1783262
883862
542411
1798888
424785
1093793
1839818
2495531
1858638
198736
1853353
2837558
1902615
1089970
1529095
1800962
3069740
1802656
2042302
670697
1821949
1640134
1158079
1618070
953491
1907529
1155706
1570188
1395652
1302577
1793608
2495334
106253
1236035
1758386
1783090
1648682
1147175
1812274
2974955
1803676
1169380
1605743
1785632
1948025
889004
784137
1786453
1839923
1615582
1306834
1783389
3546255
1783140
1784262
1780377
1038017
1804824
1222596
1791320
1783337
277196
1784036
671977
1784634
2662854
1783686
2158122
1783014
428148
1786229
2902145
1803379
1071724
1619055
1784710
2239652
1783661
723218
1782915
2694639
1784135
377086
1784635
2998339
1793433
1015497
1677431
1798293
2485223
1783910
1810563
805679
1810394
1443336
1337744
1376044
1096924
1795304
2376687
1803476
1085792
1607393
1782540
1976232
820992
1821251
2931903
1881966
1372791
1171030
1783689
3004764
436417
1646079
1885423
843930
1806019
1424700
1807921
1790815
1877241
1648785
1061420
1539971
670136
1802906
1200357
1444076
420947
1366325
1791564
1791189
1222518
1477366
1885584
2851323
1802805
1208167
1454412
1800837
2409343
1792687
934706
1695861
1783935
2782494
1783764
1928250
749807
1822124
1572131
1130796
1496070
1175119
1813522
1264040
1448543
1610134
1169318
1783811
969418
1735040
1782815
1855126
895186
1804102
1354904
1792417
1794506
1791961
1770683
1015539
1817960
2267110
2055496
1803848
1262009
1799117
2709959
1823317
1042329
1485562
1801011
2064965
654273
1935858
918337
1798393
1884277
804491
1810857
1429292
1824304
1772720
1782017
1764245
1779397
1512500
1792559
2332587
39154
1283054
1554257
1793857
2048708
89694
992695
1799938
1794953
1649952
1081536
1820153
2854030
1804003
1341809
1313030
1792585
2894754
1806196
1096891
1532204
1798893
2660461
1782070
799523
1761343
1798094
1783162
895343
1896282
1227344
1817366
1225603
2483806
1821899
1130841
1803546
1785483
1783412
1802461
1529461
1853952
1883296
32711
2336475
1797844
1782466
1832779
880269
1800362
73105
1768173
1579141
837020
1821198
1476868
1782815
1456798
131418
1285463
1659195
1792959
810157
1782466
1816464
2939941
1811129
1433569
1046741
1813423
2867490
1809735
1238972
1357874
1793657
2961318
1807741
1023827
1465534
1644106
1121361
1781692
926190
1621513
1338835
1323057
1781146
2186988
1812702
1117508
1546614
1783339
2630662
1781146
1014536
1634155
1791090
1927094
722799
780748
1664874
1792934
1795853
835902
1873191
1700341
1132781
1810109
1132135
1810284
1799389
15162
1785383
858931
1813260
1800287
100471
1782017
748661
3273789
327474
820184
1783836
2497670
1818882
1050791
1539183
1791015
2696546
1794381
947887
1615357
2283233
1810157
1407271
1696400
1714496
1791614
2807330
1792686
1978109
520340
1792013
1759996
829968
1810758
1424563
1777795
1614836
1800537
1949138
656010
1782441
2815579
1800858
1852160
719121
1114496
1591776
1791963
1836168
756810
905686
1635499
1790092
1777561
793756
733721
1697217
1792984
1748587
1765912
1815516
1792933
1868661
1696029
883475
1809982
1436786
1112979
1809585
1154608
1827801
1788747
1790094
2848064
1788647
2011361
20085
1800437
2686220
1792360
1791689
1794608
1036510
1802581
2812059
1812826
1436239
1050107
787992
1792310
1827856
1657738
1036568
1712123
697277
1809485
1520531
1018245
662428
1611654
1803304
1475385
1688795
3164437
274020
1267676
1685718
1792063
1737585
793451
1808964
2778907
1791936
1690566
795857
852967
1739871
1792237
1136233
1388801
1720285
1880541
1830730
1728131
3211269
1786403
1657506
1720098
4133344
1941375
1791290
1553875
1770449
1424850
2241930
1796026
2704913
1925113
1805622
1952314
595371
1828205
1669985
723366
1826610
1673024
1777099
1197669
1863424
1096877
1327703
1367386
872164
1848716
2516768
1825635
1554661
794762
963435
1557454
1816362
1939079
521750
898701
1568296
1816090
1816165
1786429
1784283
1120068
1253315
423010
777197
1861829
439561
1831097
1565591
768880
1828155
2673476
1826683
2096666
1845153
1079494
1261799
1855598
2651069
1860881
1386368
881399
1981549
414887
1824714
3118057
1966166
1831469
18019
1712707
667564
1861877
1527957
858327
1913794
1877602
1351924
1286481
1869305
2656231
1850314
1476196
866233
1853605
2701417
1822920
1832722
443966
1828878
733325
1835606
1825513
48698
1857243
1825088
862831
1679749
1823843
1966006
440435
1827531
629268
3667502
297436
1824142
1855022
2926264
1825214
1537716
1808100
1805041
1576171
1906500
2401533
1852707
1160807
1139554
1855474
2664958
1827232
1583420
706280
1828452
1744192
1834209
923320
1855047
1298889
1023315
1853503
1334019
1818908
1370872
1854251
2612858
1859386
1858663
1274904
1862171
1833816
1826261
1828527
318012
1828030
1824215
666822
1827282
1825710
1810121
579319
1831494
1793847
572621
1827032
68032
1858613
1831294
951035
1830990
1826159
1826611
300458
1905704
1825788
1847753
1826920
1012587
1854598
2617399
1838997
1868257
1671045
1599574
1373282
646313
1822720
1853552
2756783
1824864
1826558
312844
1496094
842972
1857041
2610869
1824792
1857044
1633741
1813645
1339777
1862900
2585342
1843533
1853377
1364289
1802329
1574162
1826558
1825885
254981
1827681
1826236
682119
1760238
1834636
1900475
410788
1859437
1871027
2271647
1855574
206574
1949033
1865892
2897886
1818830
1857443
1438947
1027028
1856769
2598643
1826758
1853951
1593236
1802850
1250845
1781370
575102
1826184
1657733
610853
1642546
1787272
1832130
870746
1864023
2566772
1826361
1826261
280081
1830648
952071
1878850
1732765
1826234
1925594
359749
1826358
1828103
689150
1742062
1830548
1763733
488480
1828902
1830548
1760218
1801597
1100490
1873819
1845253
2690802
1854102
1855998
1341087
1146972
1857044
2579603
1828652
1885560
1593528
1806856
1299860
1947177
1842563
2788598
1854997
1831320
1109915
1315808
1746007
634308
1827431
1584134
642418
1853406
1942405
530623
1704131
1827256
2548275
1856819
1827880
2346229
1868958
1825560
1045187
1393083
1935648
1826857
2897651
1852903
1828155
1001576
1450572
1826234
3527333
1189794
1863274
1826857
1063195
1434639
1180532
395854
644567
1855821
1839619
2442553
1854476
1854151
1221790
1195446
1936479
1828106
2809763
1856045
1855548
1097435
1150558
1898478
1717039
1805243
1311830
1854226
1042117
1043510
1855099
1382307
1800130
1835856
1851658
1817862
1826633
1885682
1538280
1850161
1262027
1938542
1826883
2782075
1853181
1859362
1195082
1197485
1853280
1866612
2894207
1854375
1858538
1222642
1165101
1669872
1672340
910000
1855197
1855224
1370311
1074755
1858465
1859284
1176415
1801839
1568141
1831643
1829974
2518995
1854077
1833438
964321
1436751
1859187
1838723
2803036
1938802
1824889
1827306
1848916
1791659
668743
1825987
1864619
1646304
3311346
1827456
1857018
1478732
1098840
1826059
1856694
1825937
2618740
1853128
1854176
1308816
1044889
760962
1608764
1827681
1826336
256236
1825562
1828028
816129
1603956
317827
1606454
1856170
1856993
2840403
1828128
1935703
1503904
1794119
1149615
1860856
1825563
2409261
2104391
1822066
1824015
1832789
2090018
562426
2939323
1127466
1858391
1865094
1312933
1823599
1421470
1435301
736895
1825713
1860557
2801811
1825687
1827855
1837839
1735225
1818945
1840434
1836140
1829051
1830670
1803291
361748
1911206
1826336
1902406
1860112
617834
1827853
1856295
1704450
614099
1825360
1825587
1749880
2024486
709901
1854301
1856768
2812398
1826134
1857914
1665119
686071
939367
1173443
1855848
1907289
2760304
1858862
1864869
1231005
969483
785459
