2677834
4788797
1979691
4518850
264121
2288902
4066961
3293694
3150658
2369518
2650976
2923834
3261709
4712603
3118586
4913084
3570684
3221285
1926912
3224374
3554666
2830512
3176461
3123387
4433527
2105236
2616002
2799228
3191074
3222912
3193796
3134157
4222811
3330512
1274875
2784510
3293385
1473047
2808451
3085036
1675918
2648633
2547224
3409451
3137789
2872757
3131885
3154161
628691
3029655
3158770
858272
2714482
3173505
1070940
2535476
3397399
3436416
3032058
2867011
5121385
3074172
2698078
3128070
3256930
3033995
3122513
3201439
4456547
1069116
2165161
2681312
2509830
2444495
2357418
4775979
2511252
3126555
3156869
3126817
3250038
3055430
3150980
3174089
1970964
2167400
3087769
2048269
2608518
2281932
3072993
3144694
3126543
3188315
3149884
1079938
2673924
3131876
2266689
4530188
2375773
2254482
2353680
2175573
2747441
2350709
3112622
1760744
2351319
2958641
1924753
3046269
3993275
2234526
4606747
2596005
2221481
4773299
2341513
3104135
3186905
783655
2723288
3149390
938103
2713055
3156959
3016799
2084778
3147214
1239561
2331218
3148549
1359680
3373938
2954427
2260328
2345019
2419340
2758552
2345705
2158170
2967670
2343894
3251059
1910094
3082863
3164714
3132951
2666400
2913311
2096403
4042263
3358649
2148992
4097314
2015188
2920598
2443311
3052677
2502318
4493791
3261799
2148573
2942549
3150463
2656225
2671308
3117937
3156913
1891654
3137655
2877362
2519855
2808627
2338918
4164508
2727615
3173423
3452668
2643426
3140799
3539941
2475436
3138269
3688732
2602560
2598684
3051262
1600141
2840491
3048717
1718760
2693422
3003923
1754911
2465899
2538770
3419560
3567167
2647697
737339
3225861
3137725
3120275
2089494
2964438
2268810
2912755
3165562
2932001
3436224
3153447
3098777
2869409
3362542
3149865
3060310
2204947
3236008
3156292
3150535
2754699
2323035
2875929
3085600
3527133
2569105
3129370
3765391
927163
2520649
2891994
3180541
3121607
3119871
3162640
3127392
3310275
1778558
3012510
1866615
3168614
3113886
4335773
572706
2938007
1654554
4763826
2601572
1933967
2455467
2789474
2260343
2395796
2801990
1056695
2194028
2907415
2152865
3100556
3133972
1089213
2608464
2314641
2941596
4299677
3188375
1337656
2417230
2310361
4893641
2220800
3099581
1526752
2278701
3042713
1568216
2091039
3106039
1463758
2168461
3137615
1460773
2241039
4770454
4229977
102926
3399170
3484039
2252024
3292261
3213098
3253624
3108345
3242254
722228
3069572
3541505
2734135
687511
2768586
3195980
3188608
2745679
4348938
2461799
1945754
2439534
3487672
928880
468402
3161922
3537893
2209646
4911270
2833776
3178900
3097864
3184727
3154465
3121597
3136430
3161789
3141840
3106303
3160594
4468893
3016066
3167217
1987214
4479690
2599651
1986602
2436377
3093735
1958910
2331400
3018222
3105023
3176811
3193143
1939037
3060395
1897368
1881330
3078710
1891366
1842947
2974175
2065404
1680193
2954010
3147114
3069051
3183536
3645648
2238577
3141715
3979937
2114048
3175571
3911162
2292732
3152300
3764666
2365603
3105692
3208342
2884008
2536818
3222373
1367214
2456811
3219970
1118401
2738273
3202101
839256
2908740
3203636
4789947
2972896
3053425
3236187
3195768
3134485
3228319
3007823
2277603
2329610
2755757
4471766
3736502
2754699
2140049
2510164
2752678
3212294
3242430
2967646
190497
228833
2442381
3621486
1615343
2818470
2952872
3902792
1829268
3182061
1981729
1474121
2339085
3186214
1241280
3400870
3677508
2858761
3798333
2679580
3294402
3157415
3111269
3281479
3057962
2275287
3104742
1718835
2272136
2944518
1638746
2913461
3006598
1530667
2581854
3070263
1469656
2446344
3127875
1420459
2240613
3090683
3662920
2303997
3130204
1333674
2201464
3132424
1296773
2351462
3137268
1212349
4210070
1399306
990879
4029702
2250943
3000060
3183379
3165243
2147886
3280325
3192551
904570
2764174
2490825
2077661
2830392
3174351
687351
2018473
4429767
2820839
1714468
2488108
3004570
1563789
2369545
3204444
1238428
2437168
3203983
943131
2758654
3240334
3388865
2046090
2842753
3249844
47408
3115127
3273175
2113202
3683456
2517567
2081067
4072580
3351820
2377875
2667571
3296172
2021215
2873840
3146418
3151364
2562767
2425712
4650146
2872139
3149649
2588227
2929710
2333959
3039267
3097041
3154556
3139369
2120526
2301129
3036135
1974507
2893613
3169033
3048762
3250767
3504523
2256243
2226683
4437103
2183320
4335918
2382246
2065033
4740575
3222208
1155100
2130762
2967619
2197286
2462408
2514900
1989365
2875253
3161832
2657382
3082227
3130855
2829780
3261123
3120522
2651189
2178474
3056013
3134253
1553486
2069113
4515109
39134
2798682
3171783
3007767
2233174
2161955
2895283
3932187
3156913
1280519
2634935
2263641
2985530
3228649
3096055
2188698
2725821
3185105
677512
2923093
3146233
2947457
2054974
2144505
3185040
1719792
3179239
1881201
3168334
3147329
3115843
3182042
3018566
2508571
2880785
3189590
3003534
2163984
2333461
2636289
2274033
3040719
3127948
4035133
2176890
2223185
2873975
1463046
2594919
3356546
1081548
2690507
3219536
655224
3023866
3185807
2746984
2242344
3102169
3135963
1336030
2345236
3224549
879430
2910871
3084824
1955638
2060237
2948465
3419812
2083852
4190374
2292126
3057840
3335431
2818527
2785930
2074517
2964613
4474887
3278196
3187613
3160232
1245782
2577380
3234823
769182
3048537
3242275
2981318
580876
3240361
1912781
3257453
2797007
2791722
3255805
3188811
1966243
4452791
37746
2125601
2524971
3098942
3348269
2994778
2032623
2285281
2876586
3809555
3466105
3210964
3146670
1290892
2694919
3250373
753282
1987067
4738654
2415654
1814366
2195351
3035806
1351238
2363108
3203211
3404596
2853656
3206403
4967265
2734932
3078843
3161435
2847547
3912147
2527157
2638967
3208973
2737504
2419170
3111172
3200002
2772706
1933021
2788495
3101024
3800958
2581809
3203206
3274635
3069213
3203110
3203494
1875721
2197501
2941273
1425214
2214212
3194113
952805
2869486
1860460
4793902
210462
2836972
3376818
2091433
3807593
2301730
2782071
3208753
2933973
559062
2084022
2959747
4605939
1523648
2741486
3179908
1167581
2568078
3210513
683475
3002808
3238980
2812336
574291
3273644
1916768
3207266
2764983
2257693
2559379
3140713
4461554
3257774
3007589
2184513
2326701
3125972
3246819
3096923
2072930
3216838
3195923
2483913
2337396
3218999
3347570
3024475
3104495
3306552
2738717
772578
2411027
3276977
770916
2960582
3258512
4671163
3372134
3012652
2448594
2571276
3435238
3739237
4032506
119481
2802879
3146813
2884627
2178073
2789394
4393745
3079014
4391369
3313791
3221992
1834164
2776061
3068265
1283942
2445550
3196651
798235
2808623
3204524
2855093
506643
2037829
3140514
3184686
2668386
2594049
2087291
2146252
2829379
2150712
1386847
3912317
2074182
2999856
3204455
2829244
2197669
3198563
3194540
3163097
1900437
3242368
3193981
2874122
2953683
3218839
2851148
1999593
2428070
3154119
1338727
2365902
3214972
745988
2919450
3271865
4731031
2519561
2227916
3184332
1052290
2782145
3002403
3430118
2347998
3128974
3510345
2063288
4028500
3449778
3271990
3096906
3174792
3194041
1932988
3178633
3178171
4874417
2735089
3215573
2956278
1968973
2296585
3031234
4000234
2232283
3226113
3211880
3146800
3246765
3192384
1702534
3335266
3330081
2001350
4295307
2963020
3413482
2296694
3144160
3621198
2655576
3225106
2973117
2976275
2122190
2934309
4575568
1451779
2472307
3372566
913976
2933414
3209844
2784346
3431694
3195990
3172454
3679312
2664733
3220868
4561520
570024
3063117
1895416
1407762
3529783
2496335
2038851
2428135
3030818
3224054
2872231
4021929
3285442
977494
3075898
3214298
2577051
1993512
2132558
2944038
3197799
2641606
3983261
2412767
1960574
