3850618
4686370
6718050
3482966
6716163
4511241
5430933
4684770
6123277
4815425
5812517
5647831
4996629
4979267
5027424
3609046
4518542
3027719
4454663
2567837
4705960
5465334
6789548
3706701
5971270
5287764
4989610
4349039
3313264
4893296
2952837
5259460
5189958
5042915
5031998
5046825
5062124
5182004
5075501
5050777
5032657
5030161
5122767
5076876
3897160
3788605
4655533
3686014
3508999
2387474
4754676
3428683
4868565
2968108
4484244
3208120
4818020
2536734
4645647
4556768
5250133
4233272
5305153
4832368
4997890
4878170
6424197
3543318
6555892
4478375
5110960
4708291
4821803
4662664
6104522
3943019
4470710
3059362
3542898
4945301
6323454
5017660
4832705
4813371
5068572
4656214
5253102
4472419
6716374
2868438
4912337
2488215
4518545
2621217
4587436
4835911
4921151
4693804
4985447
5005420
3544198
4564646
2649392
2451501
4610210
2562924
4611693
4683299
4350102
5166506
3721190
6409614
3509071
6612067
3302433
6588111
4528012
4811914
4944467
4813348
4688790
3404945
3155626
3160881
4533911
4955459
6507993
5787294
5893038
3976035
3519897
4247644
5238228
5020657
4752748
4796336
4803582
4932268
3055404
2819106
2679665
2581886
2514730
2459299
3968314
5610571
5453524
4762077
4269041
5660143
4869079
3816734
4271472
5737717
4591970
4805748
5282196
4348397
6717329
4815871
4906938
4172990
5009932
5382667
5794261
3839793
4943701
4671368
3222924
6231429
4844884
5097777
4892415
3036754
4305957
5164484
4635541
5000145
4713084
4825932
2741312
4822048
4170681
5453124
4305855
5186205
4567944
4835093
4898072
2941863
2763246
4979412
4334027
2807343
4388279
2542563
4699570
6277832
4191791
6506365
3687969
5928239
4748074
4805134
4765256
3407710
2947357
5083139
2574735
4764727
5186131
6249847
4939983
2911465
4638158
2827296
4209458
2754482
4185703
2742051
4302553
2700000
4401323
2639398
3476830
4479648
5258073
3246999
4931569
3114146
5003414
2985117
4921182
2766372
3478380
4074826
2573704
3176891
4135922
4233376
2876353
4196056
2892990
4087562
2869129
4455671
4196146
2815752
4271290
2778587
4258027
2767186
3425649
4816518
3106428
4833663
2944388
3856250
3881123
4866217
2605712
3809884
3847139
4605617
2539595
4454241
2504309
3640827
3498447
5022798
4523433
4792171
4774636
4788967
4806237
4912478
6661534
4224812
4758924
4827472
4113588
3921375
5368768
4274102
6193259
3990509
4627675
4343626
5019796
4210285
3422085
4068748
4270439
5826312
5320895
4007558
5348293
4493682
5143516
3306642
4610505
2647665
2479241
3899830
4958965
2956141
4288964
5503452
4298698
6584751
2699248
4195392
3118838
4169763
2832548
4205979
2501231
3421394
6455735
4603119
4858039
4285089
4676484
4285840
5257712
4670098
4852605
4627046
4688600
3095958
4699825
2762025
4445714
4909740
4760648
4790270
4785960
6699922
4920897
3692009
3923533
4582190
4783298
4857005
4787665
4740296
3145829
2892804
4928370
2541385
4698604
4907869
4977597
4628020
4637292
5464663
3945058
3830161
6265141
3610089
6424487
3559422
5666331
4654494
3527437
3309966
2961902
2651463
5215732
4270044
6460956
3912436
4543444
4805650
2704754
4568289
4350264
6264877
3739801
2333111
5039958
4981463
3681608
4943287
5115798
3066553
2718228
2549218
3940374
4972510
6261595
3824450
4719236
4757179
4534056
3178465
4346521
2812119
4372343
2419042
4914167
5167471
4962793
6103428
4714998
3156202
4711361
4906137
4692081
4639566
3975889
4170285
4954823
3702156
3616228
4648586
4065976
6477152
3815958
4796194
3346697
3976546
3152998
4104965
2830422
4549834
4833251
4945086
6824865
4908285
4932772
4409380
4624252
4943704
4710961
3245312
4565008
2686854
2375319
4583383
4805758
4762352
4838346
3932508
4117962
2711785
2495554
4650532
3886360
3164874
4478865
4578790
3058786
4743867
4137052
4345690
4563708
4744101
4955928
4395065
4805780
2926663
2567935
4100363
2972278
4451101
4619523
4752326
4752139
2769441
2521577
4520347
4633891
4137486
2965431
4583827
3137156
3696796
3866233
4801688
4697571
5118855
5062538
4165272
3301320
2962284
4107744
5699925
4027857
5484745
4316081
5285120
3218757
4809866
2734250
2455092
4038048
2791831
4448782
4803195
4812792
2878796
2542059
3545141
5769597
4879672
4927432
5109590
5023816
5886572
3909305
5641413
3927219
5956957
4622544
4784403
3398741
2939499
2604731
4720977
4044923
3019614
4088820
2737811
2980538
2660319
4274758
2866083
4283666
2588090
4547972
6387943
4706624
5033113
3204933
6564331
4696344
4662889
4763904
3483206
3196843
2928251
2478847
4552614
4731934
4108144
2946796
4459197
2894436
2727895
3973807
3062279
4175113
2640801
4366094
6402929
4745746
4954059
4727844
