5615945
7307635
2975435
7420228
6284801
8425100
6780642
7958974
6949864
7065352
7047077
7067606
8049678
4801499
6583592
4785501
4920128
5415759
5798330
7075962
7247842
4869229
5478948
6610712
5823001
8259626
3374260
7675708
7009812
6874915
8287012
6972898
5924486
7051773
5239932
7498898
6859679
7340067
6922256
5282098
6551488
5627444
5449067
8535827
7700048
5083778
5163094
5944474
4365095
5572849
5653698
8310167
6419461
7210308
7175211
4774827
6756018
5431006
6002170
6034382
6911838
4967706
6387017
5830408
4737334
6962246
2971681
5231213
5211331
6262162
4127245
7053759
5701974
3461276
6688211
7870852
6879616
4825801
6797231
7024556
8459546
6352786
5288141
6533808
5731925
5543392
6088353
4460833
6681329
7802640
5903742
6306691
6825316
6605265
6582484
8066379
7505628
7048312
6591693
8524131
5881462
7727925
4562802
4676376
5786600
7321297
7738842
5641787
8356818
6646607
4788415
6450507
5650728
4656064
6884814
3070713
5585548
5857707
7755104
4621768
6707480
6938915
5829901
5544193
6709501
7203383
8179774
4236336
7185130
7392742
6720463
7031863
5153801
5165033
5512480
7468146
7387926
4601309
6528608
6989100
8206104
5004519
6025945
6731235
6224170
7090328
4789362
6498029
5480870
4709392
5663766
4107508
5293164
5465678
8224382
4148827
6791844
7522763
6894678
7779792
7076082
7205295
7141912
7049669
6250429
8775497
7155318
4515182
7102700
6996487
7007945
5533868
6161783
6075694
7242564
7756150
6454727
5406422
6486607
4842352
4738227
6875155
2885021
6687008
7012369
6021616
5278642
6997570
5799299
4470406
6521823
5077408
6243003
7107668
7090136
7249701
6881787
5339085
6951804
7214045
7365294
7510221
7666994
7038551
6943671
6240931
6008057
7118694
7269324
7384243
5168366
5309704
5709677
6972639
6309977
6593494
6263801
7357726
6729666
6933061
8352791
4247484
7111426
7288900
7049278
7151159
7024480
7408215
4602632
7132669
4809885
5011424
4549749
7267757
6226586
8278974
6856513
7156947
7272598
6588760
7117170
6051620
6083513
4907951
5088457
6505434
7188209
5904486
5940665
6538263
5591367
6953887
6724383
5962963
5501658
7424396
5846697
5712135
6943184
8364402
7349316
6507144
6991997
4789322
6821002
7582908
6621748
5604687
7286073
4742150
6711769
5308419
7193405
6843030
2802060
6653601
7101388
5312573
4569217
6008580
8408851
6963843
5150620
6519026
7119583
6006582
6122885
5059947
6890488
3094788
6559358
5809320
5146794
5152092
7232474
5862093
8635655
5483982
3084610
6256198
7065500
6957059
3334799
6670504
7004768
7765432
7104489
7209356
7074039
4754108
6680556
5372026
7325389
4755984
7115516
4857817
7317264
6450894
8545885
6695597
4787972
4480898
7135126
6457642
8474043
5685358
8453459
6467964
5633765
6938733
7270799
6425145
5494417
7649363
6885253
7449516
4700132
4785408
7097499
7036402
7533091
4638343
6492589
12212015
7867882
7133270
7511519
4802018
7216543
4624299
6996763
7170365
7604634
7303709
4478338
7009095
4632252
6731527
7591064
7318066
4618572
8365878
5824953
5841957
6695685
7187593
6771185
6796405
