9112191
10297003
9630158
10008128
9555554
11825920
9428014
9073682
7846126
10126808
7075079
8250303
8616987
9836378
9816092
8542495
9332635
6606721
6948043
6111252
10112752
7021874
7200628
7593178
8843043
10681276
8378675
11186974
9468886
10209130
10131584
4633177
7150181
7149287
7153597
7212970
7196079
7216388
7255093
7359145
9828368
7342525
7364845
7178852
9555670
7327870
7229177
9886847
9654176
10009884
9723922
9761342
9710460
9592459
9681881
9728948
9613255
10609546
9341379
9869699
9722799
4814334
7360026
7144020
9186472
6663924
7041235
6841259
9402229
11687879
10028341
7620330
7264339
7091248
7116956
9068256
10993596
6983923
7367285
7162513
7178717
7276341
7180501
6903105
5863117
5997005
8161865
9814904
7991093
9981416
7751905
8030190
7966766
8267247
9682550
9624357
8128260
10497079
9750295
11096329
9865179
9808600
9927285
5102703
8613566
6423414
9525548
5331752
7208654
7174478
7306769
7153484
7222240
7145656
7119369
7217946
7259028
7384170
7395560
7382244
9798300
7340056
7250549
9744751
10825849
9414853
9665707
9629567
9291063
9597732
9697450
9100481
5584867
7860116
7510072
7087827
9166742
9009592
9308770
10612255
7845379
8008296
7492312
8855978
10604138
9411048
7671284
8677840
9492460
9497552
6851839
5819591
8299936
5920186
6766821
7033428
9896623
7128985
10484518
6450977
8924956
8734514
9463000
9805853
11098877
8434992
8799836
9383085
9788940
8993113
9109027
7092065
9592092
7216159
7155156
7101275
9609789
7165986
7230225
7284705
9610800
7260630
7281703
9584382
10400309
6779218
7286777
7196591
8593531
9502528
9792516
8174670
9015641
8995992
8172816
8015869
8511842
9304887
7860094
7849888
8730733
10955832
9952762
9818739
9668040
5141322
5151697
5190557
9646662
5216556
9156628
5627866
10179214
11510611
8739101
6197319
10203798
6415748
9345671
5263004
10143090
10802383
11696932
8592498
9725896
9791992
9686423
9721157
9639948
9609737
9620677
10524770
9515423
4800104
6896290
7159935
7112731
7109572
7148780
7004232
7229526
7332279
7253077
9777234
7351914
7345231
9668499
9930143
9572829
9850786
7407235
9664701
7141634
7323982
7140117
8935226
8107075
7254407
7334696
9398616
10105163
9721951
9645140
9634874
9691354
9561056
9632688
10543223
8927778
10117865
9646632
4721683
7036778
7163026
7101128
10673685
6384187
6759809
6984931
8051934
5549506
8118803
10921153
8511505
5305968
5545126
8417457
9947482
8823440
9791722
9695306
9669100
9681534
7139920
7078502
9343013
7608007
9410466
10557952
8498270
10724413
9794575
8832859
9479282
8547792
9453261
8071906
9055840
9809511
9747073
10967039
9816102
9795955
9950207
9821434
8673276
6023201
8190985
6412953
9284570
5403273
6915594
7130592
7201085
7096326
7078138
7233534
