10170293
13611737
11863036
13465388
13548017
12918465
14031938
9688289
12715778
8419795
12523555
12513995
12553893
12743778
11475701
12654803
12053927
17335329
12394422
10777832
12895753
12035801
9874724
12390512
14017612
10470377
12522397
12880033
11644511
9806053
10867257
13963676
12284791
10414352
12616971
12433150
11916346
12297951
15034601
12789897
12968645
12367408
12543237
10838127
12340324
9716681
10687424
12676195
12233831
12492795
12363113
14654958
11943210
9923285
12405801
9440345
12079801
10624343
11727328
13630352
12550335
13221351
9887782
12207563
9707628
12730830
13292205
10118076
9692429
12241942
9792276
10664949
12050067
10637802
12550407
12855676
12450527
11124316
11690787
13270064
11575805
10428958
10628784
12809360
11940790
13065354
11646250
13467319
11158714
12738723
11969493
12227940
8247277
10222263
12805110
12509990
11445168
12359006
12800584
12235583
12362432
9815021
11983836
10409638
10002731
11973420
12115401
13264185
11453742
11156079
11227711
12200879
12294110
10548875
7573809
10090748
12556577
12639899
13970286
12622196
12356750
9747238
13782367
10821371
12367428
10205892
12482100
12847463
12328995
14186735
13832695
8473194
11462321
10545014
12241122
8246461
10171027
12687029
12522804
12475630
9217195
11677417
12769936
12432049
10482095
11776682
12891725
14218662
12671220
12255296
9941478
12469893
