12950997
16341526
15750713
16798080
17142681
12278894
15589267
14883016
16851121
15157803
14492080
14812304
14906303
12430804
13003675
12256980
16877037
15031495
14863293
15005579
12495265
10663337
14536021
14699691
17184954
13358935
16536889
15322890
15024303
16824291
14848057
15950581
14523407
17623225
14444693
15779105
14635521
15323666
15481037
15976584
15613958
15224592
12054302
15914917
15779525
15393280
17374545
12236082
16570695
15377906
13687971
14692055
13428322
15376726
16121432
15545876
15633302
12398622
17122626
14654700
18438483
13614847
14880613
17005982
14812885
15084184
14538610
12982126
15050502
16982778
15794176
13987387
12479427
12240464
17043764
15509117
15631744
15872941
18786739
15032003
16961249
14964753
17349560
14768481
14778011
15075707
16845142
16842058
12596038
14972076
15878082
16038705
15598599
12185936
15143155
16836716
15369023
14832304
15815996
12065939
16101203
13808809
14556465
17398954
15733513
16266672
16012399
