234724
279590
224403
244840
229090
222958
266041
219096
216428
216476
217100
152565
217923
217249
260645
217100
217624
218023
261841
158066
217502
217449
260720
216875
217102
217723
634593
217424
216925
217624
258077
216651
215929
216800
262958
216875
216229
216403
257679
216551
217050
216326
103858
217174
224179
216828
256805
216204
217349
216977
372425
216902
217349
216228
217574
216403
216603
217025
222709
220116
218946
218622
215780
216304
217474
161190
216326
216578
216476
260121
217200
216651
216404
223700
215827
215929
216778
260770
216476
216902
216803
301099
216429
216379
216628
216401
217724
216777
150520
217449
216526
216626
257903
216501
217002
216728
257656
216551
216403
216378
260870
216650
216104
254627
215955
216528
216900
339360
215530
216403
258417
265706
216526
216850
216475
262115
216503
325521
217025
216625
216703
217274
264134
216154
129667
216850
261843
216578
215777
216429
216129
216875
217274
261843
216451
216628
216177
260920
216525
216900
216101
216753
215879
215877
262664
216803
216553
217053
257728
216403
216428
215929
216603
63229
235520
229860
224578
221137
246836
220217
235149
254489
225251
184022
94672
235994
231333
225077
242646
470002
219143
218423
218946
218467
569345
220116
218098
218347
218472
218497
217898
266329
231283
225251
221062
229861
220365
179540
242524
217997
217149
217424
217673
217673
216953
269755
226821
222534
220214
219043
218047
107206
260296
135530
217823
262615
217848
217327
216975
271937
216801
214959
255735
215777
215580
439894
266601
216977
217449
263113
217050
215802
217374
273032
218844
218547
257428
218372
218694
219767
220590
220887
220590
274030
221539
111750
279115
222135
221836
222135
221760
221364
75912
280361
221286
219967
289983
236518
244942
229963
219019
218769
218644
285993
219044
73370
267474
216703
216476
217049
216503
216503
81006
275251
217050
217102
263859
217623
218223
71062
217748
217724
217873
266530
217374
227817
2088186
218597
218993
218372
218544
219046
243423
239732
226223
218522
217624
217673
218147
277172
132716
218719
259026
218348
218272
215780
216079
42570
216900
257479
216304
217199
267348
217624
18531
216578
217424
227645
219146
264109
219342
3772
262464
218597
217102
286419
248183
216899
336036
217973
227218
216501
215729
216401
216802
258526
216778
216304
256256
217124
144085
256531
216329
217049
215755
216351
215955
973
259572
228366
221761
257903
218669
218447
257356
228693
217127
217574
217374
217449
111810
217749
217202
216653
263662
217075
218123
256954
220940
216029
256109
217224
216203
13066
216301
215630
217152
215954
216479
216626
217649
224179
216154
257928
215880
216027
211071
217149
217225
257805
217474
217499
217200
217399
216503
217350
217050
215456
216653
227992
216900
216978
217848
162088
217549
216626
215804
216501
216553
216179
257756
216179
216877
255785
215830
215405
258128
216900
217025
253815
216526
216401
44926
216478
216428
216304
216553
216802
216404
217651
218098
217374
216725
217399
217973
217349
217551
217224
217349
217377
227617
216378
215281
214631
253317
215755
227021
259250
217424
217624
281556
217127
217773
259722
216952
217873
255412
216977
211649
340585
217724
217249
262018
217000
115994
260071
216777
216079
254689
216501
227268
257279
217698
217224
260248
217449
216827
257603
217402
217277
260046
217424
223779
238060
217274
217474
258949
216753
217199
223400
48651
218347
256708
217748
220763
256084
217424
216701
216950
217499
216703
217275
216903
217202
217873
217973
217277
217524
217498
217128
217275
217199
217100
218447
217125
217277
217324
217699
217574
217175
216154
217499
217274
217424
46677
218023
216953
254689
217451
217648
207605
217724
216850
258053
217000
217623
94652
217125
217874
218123
217873
217451
218023
217549
215679
218470
216775
217427
217823
217548
217399
216777
216251
154876
217823
217250
261094
217275
216478
76219
218170
217052
255088
217424
216978
376313
217174
217598
217324
217227
217673
217574
218145
216925
216900
216950
191650
217448
217774
259822
217299
217099
61257
218372
217549
217673
216353
216479
217324
216501
217873
216651
180062
217424
216204
217848
256830
217324
217100
217000
216628
217025
216900
217499
161301
217549
217025
257379
217898
217848
217523
217499
218223
217649
216850
216803
217624
218047
254714
218122
217549
218073
217424
217599
216875
217449
111446
217124
217898
218198
217174
217199
218023
217227
259151
217601
217027
45121
217025
217723
217299
217449
217224
217374
218272
261591
216777
217748
217300
217573
217374
217549
217774
298752
217723
215805
157666
217050
216129
215830
217175
260670
217424
217699
217599
217973
217202
217376
217249
82912
218098
217274
218420
218497
218245
216228
217499
255934
217424
217873
217125
217524
256807
217997
217998
308383
217923
217150
218073
217424
156950
216603
217526
216974
216703
217798
217498
217299
279240
217449
217599
221586
217995
255138
217973
217699
219019
217648
217873
217374
217449
2062929
210425
217424
217898
217474
261491
217898
216727
217948
217125
218323
217474
218147
256333
217798
218048
217748
217152
259026
218522
87785
218769
12249
257080
217473
217948
216752
218694
261494
218122
217599
257928
217748
217576
217898
217299
261519
217823
218269
218123
217624
254090
159067
216329
216825
217075
264086
201574
218147
218223
218073
256233
201596
217798
218522
218173
261367
190928
217599
217199
217326
254462
199745
217524
219268
221461
258477
162140
217376
217698
218422
255610
191460
217150
217499
217374
262492
185140
217748
217499
217199
256658
168406
217798
217698
217399
258627
164935
217424
216853
216978
335964
86715
217274
217698
217576
260894
154772
216578
218170
217000
113584
217523
217152
217424
218023
264483
212025
217175
217896
218622
251124
137142
259900
220887
216950
217673
128865
256957
218098
217848
145317
254637
260795
216429
216927
217574
265403
216902
218197
263984
217749
217698
218048
218320
277271
183617
217923
216927
216800
216378
91610
338257
216401
216975
217424
20002
264635
217177
217674
217898
82343
257880
217998
217823
217324
95311
194996
217773
255685
218173
217624
67930
217399
218148
218170
260571
70318
217448
218519
218345
259472
57427
218247
218472
217449
218023
218270
257204
217174
216825
104132
218247
256158
217574
217225
35086
218123
217127
217798
260296
47912
217598
218147
217723
217000
218123
254539
218297
217052
86677
217973
217424
217972
255834
22790
217998
218469
218671
218222
218195
257182
217699
217000
45620
217374
217574
217673
257554
20988
218023
217823
216928
217523
217599
259648
217898
217598
217499
217799
218444
217274
261219
9275
218248
217998
217848
218023
217998
256009
218223
218597
200001
217848
217799
217524
257029
218023
258228
217823
218370
217774
217649
257553
218048
257157
10248
218273
216750
216928
217998
217699
256879
218893
218047
218347
218047
217873
217973
259325
261069
258924
218397
217923
218148
217673
218173
218123
260071
218423
217577
217948
218048
217673
218447
258027
218496
249648
217823
220740
217349
218220
218797
218397
261568
218347
23723
218347
218070
