19239184
20372669
21396598
18466772
19268082
14719863
17183918
16026134
19889901
19539200
18146953
19119831
19670848
18823277
19119454
19120604
18551990
18726598
17746833
19953654
18824725
18170524
20823627
21018755
17466133
17920741
19664899
14904713
17371114
17900803
19865115
19533876
17977971
16743625
17604338
18273913
19372139
17863097
19642927
22006240
18527232
19815104
19061865
19056030
19162875
19407401
19483882
19429369
17095085
19592133
19818261
19816776
20731176
16468934
19400910
20936877
18820319
20929296
20731635
19020786
