500 4 246243.25 247682.0 249254.0 3523851 247249.51
1000 953252 973673.5 988690 996406.0 1133084 992888.94
1500 4384 1866190.0 2144635 2202347.0 4310289 1952920.75
2000 9040 3013069.0 3618394 3896891.0 6490003 3511178.86
2500 2563416 4665499.0 5122969 5919475.0 10182099 5231209.09
3000 4032261 7145399.25 7825033.5 8591493.75 11043333 7812468.25
3500 7051713 9855036.0 10738726.0 11650735.5 13196790 10647507.22
4000 9938382 13897876.0 14794909 15158984.0 16916807 14482362.13
4500 14735998 18146681.25 19187253.0 19848666.5 22321056 19059483.38
5000 19701043 21279676.0 22456859 23782656.0 25458573 22497955.22
5500 23985760 27196567.0 28239932 28937128.0 30675648 27894746.49
6000 27695645 31914014.25 32836195.0 34502839.0 38355644 32828595.98
6500 34787867 37156304.0 37516093 39143870.0 43231392 38006766.19
7000 42158636 44866256.75 45589763.5 47073577.0 48262058 45619856.86
7500 49908737 51019142.25 52494413.0 53402617.75 54995853 52309405.40
8000 55478865 59024076.25 59752697.0 61564797.0 64560647 60071329.62
8500 67236337 67504301.5 69582766.0 70373447.25 74484788 69500498.80
9000 75103228 75520926.5 77380048.5 77935170.5 80757535 77195763.30
9500 80220983 81864189.5 83692673.5 85363302.0 89533086 84001789.25
10000 92553886 92938884.0 95288914.0 97807451.25 100698802 95771688.10
