1148
297
329
357
409
369
372
358
371
369
358
174
186
366
365
369
195
365
366
354
368
427
363
371
368
365
376
358
364
258
367
358
355
289
382
379
358
158
363
1067
371
356
359
341
354
379
188
448
367
365
354
384
380
333
349
340
311
370
363
374
384
356
364
370
434
367
354
368
376
364
371
371
381
347
143
181
367
261
354
362
372
396
366
271
327
348
375
356
286
1085
344
381
356
371
243
281
378
362
330
356
402
598
357
359
378
388
381
597
357
368
386
382
359
367
356
357
366
358
402
366
333
368
408
286
358
360
345
355
1123
335
369
1086
371
315
356
355
233
380
376
421
480
363
364
366
349
342
370
379
366
399
346
375
363
284
366
364
348
366
365
378
325
97
364
354
353
390
332
366
354
364
378
357
379
371
370
1280
364
368
397
365
340
354
1006
505
364
237
355
373
369
354
615
391
362
353
375
372
402
354
368
357
341
374
357
357
228
500
376
541
355
355
369
364
357
366
344
379
364
314
365
372
706
436
371
369
239
369
370
370
357
461
373
407
363
357
356
409
207
362
378
333
407
376
364
434
355
366
375
368
573
482
368
369
382
365
366
375
357
267
133
352
366
1150
357
272
358
335
364
413
356
375
364
365
360
303
354
367
366
354
353
352
332
356
358
366
365
368
357
371
356
354
330
373
314
367
368
358
357
384
365
368
366
330
452
482
373
363
366
367
364
311
364
332
222
370
363
365
371
351
363
446
273
346
368
376
377
434
412
372
356
374
376
365
368
367
368
348
354
366
536
401
367
326
354
357
372
352
377
375
365
367
357
344
365
354
366
415
297
374
319
343
557
364
427
351
367
356
155
378
357
385
353
66
372
357
367
365
356
442
365
366
510
357
363
369
357
374
367
370
411
369
367
365
362
367
374
365
351
365
363
366
968
366
335
371
357
356
367
363
359
358
366
367
333
259
362
357
373
356
354
365
373
367
370
382
348
822
363
364
358
367
384
356
389
355
355
366
417
365
365
343
356
374
405
364
371
380
250
367
355
375
369
322
362
356
77
365
366
365
363
358
380
389
379
369
363
367
323
365
377
370
366
366
368
398
464
367
410
337
330
371
364
380
365
369
348
376
386
367
563
379
414
346
321
361
366
366
364
387
307
369
357
369
436
439
366
353
355
369
218
371
369
357
368
381
367
125
340
357
431
355
370
377
368
367
475
365
288
402
379
383
347
365
356
497
470
357
364
692
689
370
369
405
276
368
367
367
370
375
299
404
377
358
367
372
371
386
365
354
393
359
364
360
365
355
323
381
486
356
376
366
366
355
489
364
374
363
354
499
367
214
467
368
479
378
367
367
366
413
369
369
378
354
367
400
364
371
355
373
355
330
357
273
364
368
268
364
364
400
355
379
444
363
303
369
375
356
383
385
371
241
365
356
460
354
447
375
369
370
366
367
405
364
367
368
355
431
500
434
344
354
296
357
357
300
367
358
368
367
329
369
370
325
373
387
358
356
362
361
366
362
376
355
328
367
336
365
367
648
367
398
351
365
330
366
357
365
364
355
355
365
356
356
355
326
248
367
364
367
84
261
368
367
366
420
414
358
359
382
397
365
370
368
475
363
366
34
364
357
383
374
369
363
355
384
366
1125
369
326
357
315
381
364
368
383
349
367
369
368
388
380
369
369
413
441
366
448
232
366
368
368
374
367
379
369
463
367
464
369
370
370
514
366
353
356
369
361
369
338
370
373
366
378
642
1116
356
365
365
365
379
366
289
359
372
378
349
358
367
367
405
417
380
410
282
339
369
365
356
367
202
368
370
356
374
470
360
369
366
