560
855
789
892
797
893
1341
1305
626
797
634
1295
824
675
1432
752
1579
745
807
609
782
806
859
1526
637
742
959
1278
395
806
1099
712
786
1135
800
821
656
626
1301
822
655
965
790
801
947
556
498
865
684
868
1490
448
2022
885
930
454
656
657
790
863
807
420
1256
797
656
802
731
364
874
936
812
739
1548
631
1169
85
752
811
574
597
753
821
619
474
798
1607
803
1422
637
793
876
795
827
760
812
820
697
751
809
801
1320
806
806
569
731
856
445
1797
836
764
806
714
831
795
860
861
717
864
863
699
673
1395
770
774
1497
797
833
688
781
675
766
459
728
1482
839
803
1288
735
1579
697
731
1313
748
896
622
1607
793
765
827
1031
834
1267
663
551
782
867
829
803
1529
816
781
1098
961
661
634
800
779
451
588
858
807
811
770
767
683
761
732
1538
853
720
1571
864
743
579
796
504
678
1526
1044
745
623
1399
753
873
709
1047
717
763
1429
756
766
860
732
572
607
623
749
744
968
804
1611
811
736
763
698
820
1502
718
831
599
1487
658
930
878
650
621
860
724
762
772
885
812
1037
810
1087
740
527
913
781
591
720
812
547
682
488
501
853
799
784
539
855
731
810
544
638
497
535
646
809
732
688
810
860
638
775
583
1314
672
753
1197
752
1113
795
680
797
800
660
1536
833
1425
663
805
379
791
826
804
1547
782
814
696
886
784
978
762
731
954
875
709
785
820
819
698
1238
809
765
809
677
1237
791
817
578
679
859
764
629
748
1352
750
1452
738
762
698
662
847
735
737
1618
707
764
663
717
771
883
1425
878
699
1541
598
1544
784
895
708
795
785
1728
902
718
827
1476
794
956
1431
776
722
1490
815
942
809
855
725
785
809
868
859
821
853
1525
879
814
1404
672
771
657
662
832
785
742
1270
734
747
870
854
785
1479
785
959
622
789
627
1331
763
736
769
791
780
440
1574
807
840
829
624
670
742
615
1054
518
1040
765
797
963
1515
830
1340
972
636
830
934
836
767
859
859
759
1570
791
1456
756
842
1550
778
849
835
746
659
659
872
593
703
758
908
797
764
838
1411
808
747
646
800
674
807
463
1560
832
693
1474
645
1696
621
812
1465
768
1007
746
820
793
927
794
311
840
722
1872
871
656
725
802
787
1128
970
808
809
815
580
502
883
581
751
926
1061
728
891
956
811
555
1315
736
677
788
881
781
617
776
785
866
785
748
822
782
801
808
820
776
582
738
1549
654
813
1486
1024
793
687
775
951
626
731
534
1396
794
610
634
572
633
765
848
812
783
865
763
737
1533
800
603
1359
787
601
737
784
745
1369
818
788
759
804
1606
753
771
796
695
815
736
861
861
784
672
1354
926
691
687
705
1553
733
829
872
643
1010
929
1609
815
786
751
756
787
933
806
1529
806
1580
681
827
656
790
795
865
760
771
753
820
852
1509
758
768
458
816
1416
1022
685
723
804
1499
775
787
800
820
769
1217
877
586
740
762
472
714
769
962
676
1538
873
823
1095
813
822
711
1539
799
765
806
748
845
805
717
805
482
800
739
1399
741
741
830
792
773
830
523
762
765
771
631
622
860
846
1590
839
642
755
828
619
764
1608
703
870
584
855
467
1550
673
729
748
519
760
640
748
841
627
858
1138
639
518
802
752
705
740
665
1437
808
714
775
789
796
726
1572
757
779
375
1254
474
659
1249
736
882
814
836
1591
833
1273
768
802
1280
694
767
762
773
787
762
809
780
840
1534
728
765
801
709
835
747
1232
675
751
818
797
808
871
1239
734
794
1286
735
645
645
713
755
897
853
870
814
985
899
668
1297
704
960
1000
1960
681
773
809
830
680
700
694
653
833
702
1033
871
901
707
869
859
794
721
1564
814
508
775
848
790
755
640
745
804
852
804
499
716
796
1561
741
804
1204
1324
827
667
1424
773
985
1336
740
1078
809
329
776
805
791
845
841
900
1428
837
874
776
768
852
758
1524
844
775
725
758
812
759
778
1596
803
734
1562
598
1509
802
777
1516
609
810
810
767
789
659
803
765
758
838
840
760
747
1491
750
713
767
824
700
709
728
805
910
794
809
755
1567
820
792
665
807
1561
829
757
1390
1005
658
733
751
1319
613
845
763
853
1533
728
687
779
853
600
785
621
844
1546
811
808
604
807
760
1268
1412
1009
740
741
1138
754
882
768
801
557
816
900
931
662
655
1065
1547
780
657
1399
755
1052
741
885
1683
1009
730
747
855
781
754
720
1580
778
796
831
812
816
631
1609
820
743
753
845
659
741
852
858
755
612
720
700
802
630
837
744
757
793
1572
842
720
828
940
816
776
777
643
756
794
678
757
805
803
783
591
1602
760
873
1070
1508
724
806
827
628
358
862
768
812
800
763
493
1825
768
774
828
840
760
1291
817
