1554
1333
1605
1868
1255
1629
1382
1454
2142
1565
1591
1354
1413
1524
1148
2068
1434
1400
1557
1395
1382
1557
2029
1385
1559
2076
1454
1059
1356
2229
1783
1468
1399
1153
1474
1387
1417
1401
1993
2059
1463
1302
1421
1633
1370
1419
1601
1463
2253
1345
1413
1443
2018
1408
1449
1451
2187
1699
1467
2522
1403
1463
982
1693
1381
1312
1365
1430
1357
1798
2125
1537
1153
1499
1331
1460
1327
1150
1164
998
1937
2145
1475
1844
1540
1202
1423
1415
1427
1393
1389
1704
1434
1415
1453
1505
1687
2283
1388
1476
1081
1388
2088
1403
1166
1583
1339
1574
1211
1193
2080
1471
1691
1590
1124
1342
1082
1059
1343
1482
1142
1268
1434
1564
1845
1527
1470
1784
1357
2006
1571
1379
1668
1458
1423
1975
1477
1368
1482
1331
1371
1779
1599
1287
1841
1235
1813
1367
1400
1370
1544
2000
1449
1237
1326
1324
2155
1954
1161
1378
1078
2219
1631
1376
1148
1635
1028
1713
2004
1487
1495
1565
1701
1420
1115
1934
1674
1674
1174
1512
1539
1986
1528
1454
1250
2091
1363
1645
1355
1174
1627
1243
1050
1956
1408
2223
1367
1427
1012
1165
2156
1423
1182
1403
1311
1467
1702
1187
1930
1541
1474
1316
1951
1873
1332
1329
1398
2334
1887
1239
2189
1408
1401
1104
1399
1635
1332
1291
1473
1295
1569
1251
1106
843
1507
1390
1187
1361
1343
1133
1395
1431
1846
1494
1049
2029
1440
1304
1717
1440
1750
1869
1376
1265
1303
1465
1283
1302
1307
1831
1510
1754
1459
993
1667
1392
1687
1057
1128
1208
1617
1549
1674
1553
1505
1619
1569
1491
1535
1530
1563
1545
1590
1745
1506
1593
1518
1575
1540
1643
1513
1518
1446
1529
1560
1673
1533
1617
1556
1591
1685
1316
1683
1399
1610
1457
1534
1561
1526
1514
1501
1441
2077
1598
1568
1517
1606
1495
1603
1525
1579
1492
1507
1594
1551
1420
1467
1484
