2487
2432
2510
2433
2407
2330
2552
2874
2357
2381
2396
2409
2310
2388
2413
2501
2482
2449
2335
2483
2187
2212
2552
2114
2039
2257
3042
2102
2602
2903
2035
2158
2674
2590
1738
2854
2027
2350
2545
2187
2658
1953
1940
2376
2433
2441
2110
2321
2504
2022
2178
1752
2658
2969
2285
2133
2107
2867
2445
2659
2632
2183
2342
1887
2140
2201
2269
2565
2287
2284
2463
3050
1767
2281
3071
1777
1777
2339
2206
2312
2464
2215
2035
1877
2377
2183
1716
1925
2562
2088
2135
2467
2253
2413
1764
2334
2475
2285
2979
2250
2641
2588
2505
2452
2050
2330
2659
2139
2236
1900
2640
2335
2380
2644
2396
2606
2214
2314
2636
2082
2129
2280
2117
2404
2422
2354
2334
2340
2322
2208
2680
2810
2774
2471
2114
2554
2728
2879
2678
2673
1710
1945
2073
2261
2104
2216
2394
2320
2861
2283
2097
2250
