3159
3342
3446
4023
3056
3662
4457
2148
3671
3127
3134
3965
3268
3732
3059
3453
3891
3167
3110
2961
3938
3994
3332
3678
3765
3978
3176
3222
3347
3159
3311
3274
2515
3182
3142
3695
3593
2825
4128
3700
2882
3220
4059
3114
3029
3448
3119
2794
3008
3411
2669
3981
3128
3783
3563
3512
2464
3107
2983
3774
3820
3303
2899
3735
3226
3478
3595
3319
3272
3420
2843
3407
3178
2996
3089
2706
2609
3758
3871
3542
3695
3877
3421
3105
3507
3318
3432
3618
2860
3321
3160
3909
3364
3350
3619
3299
4002
3082
3239
3636
3690
3235
3247
3247
3531
3061
3170
3760
3834
3531
2974
3910
3175
3019
2713
2938
3555
3255
3356
3417
3261
3037
2755
3025
2662
3477
3189
3415
4096
3159
3970
3390
3255
3302
2705
3469
3249
