500 101 102.0 102.0 103.25 114 103.94
1000 44 386.0 395.0 405.0 1304 420.90
1500 284 761.0 855.0 946.25 2036 923.96
2000 1004 1395.0 1539.5 1877.5 2590 1631.71
2500 1828 2255.25 2424.0 2697.25 3429 2502.88
3000 2711 3373.0 3517.0 3890.25 4276 3589.96
3500 3388 4631.0 4778.0 5012.0 5626 4786.53
4000 5371 5916.25 6145.0 6351.25 7062 6168.14
4500 7558 7707.75 7975.0 8282.25 8668 8002.33
5000 8497 9316.0 9610 9959.5 10491 9657.12
5500 11083 11696.0 11744 12134.0 12628 11824.54
6000 13010 13260.25 13915.0 14245.5 14354 13802.33
6500 15563 15740.75 15820.5 16279.0 16766 15984.30
7000 17931 18187.75 18499.5 18972.25 19519 18592.30
7500 19921 20657.75 21414.0 21921.0 22397 21274.67
8000 23620 24065.0 24635 24873.0 26349 24675.73
8500 27221 27345.25 27498.0 27726.75 28175 27557.60
9000 29814 30253.0 30691.0 30804.0 31717 30622.70
9500 33241 33699.75 34224.5 34929.25 35896 34312.40
10000 36527 37334.75 37720.5 38511.25 39092 37802.90
