500 26 98.0 99 103.0 355 102.18
1000 8 381.0 389.0 402.0 1115 390.45
1500 32 808.75 861.0 883.0 1900 846.95
2000 26 1261.75 1467.0 1634.5 2349 1468.99
2500 1749 2038.0 2300 2526.0 3336 2299.66
3000 1094 3052.0 3288 3483.0 4559 3280.53
3500 4223 4712.5 4733.5 5049.5 5277 4802.63
4000 5556 6036.0 6070 6566.0 7364 6229.29
4500 7565 7632.0 7723 8152.5 9038 7924.80
5000 9344 9403.0 9672 9904.0 10386 9700.36
5500 11111 11180.0 11446 11687.0 13249 11523.26
6000 13046 13429.75 13739.5 14015.25 17945 13835.68
6500 15589 15920.0 16308 16360.0 18596 16296.41
7000 18024 18387.5 18804 18938.5 22877 18808.72
7500 21406 21568.5 21932.5 22350.0 23587 22076.80
8000 24144 24324.0 24770 25073.0 26943 24889.73
8500 26937 27395.0 27899.5 28021.75 28466 27771.50
9000 30165 30819.75 31046.5 31347.75 31525 31020.70
9500 33374 33512.25 34000.5 34504.5 35584 34093.10
10000 38282 38570.0 38697.5 39028.5 40026 38852.50
