500 973 216850.0 217576.5 218932.75 2088186 221973.92
1000 4624 819678.5 843939.5 866931.0 2726553 790164.51
1500 15162 1317620.25 1792810.0 1853478.75 5178094 1634570.12
2000 37746 2278152.0 2944518 3188709.5 5121385 2755459.62
2500 2333111 3542898.0 4552614 4921151.0 6824865 4326554.68
3000 2802060 5504363.5 6634177.5 7134662.0 12212015 6359525.88
3500 4633177 7196079.0 8616987 9686423.0 11825920 8440427.80
4000 7573809 10710026.0 12248619.0 12684320.5 17335329 11869357.11
4500 10663337 14538610.0 15224592 16038705.0 18786739 15134783.65
5000 14719863 18020216.5 19120217.5 19779040.0 22006240 18922293.07
5500 19680675 22060677.25 22850360.0 23835351.75 26769250 22648369.56
6000 24982527 26972886.0 27349097 28273726.0 28804901 27357808.40
6500 29788628 31690759.0 32171380 32955383.0 34936475 32210281.89
7000 34518735 35205554.25 36973472.0 37357355.5 39688172 36595087.67
7500 39912678 40568321.0 42621673 44842562.0 46060831 42941447.26
8000 45331896 46973124.75 48295418.0 49476671.5 53213228 48432729.94
8500 49764123 52422672.0 52932872 55425439.5 56470024 53561121.08
9000 59882716 60384716.25 61148910.0 62915294.0 64132983 61514283.30
9500 64656654 67947583.0 68704588 70226948.0 72454501 68975739.36
10000 70980170 72401302.25 74695723.0 75324473.5 80512902 74379632.67
