500 3000 257329.0 258502 279265.0 506848 268715.87
1000 134276 891414.0 915302.5 942371.75 3513386 957522.54
1500 1263885 2109195.0 2149635.0 2202244.5 2918553 2160706.39
2000 3728991 3751347.75 3802679.0 3916682.5 4033174 3838375.60
2500 5833779 6060857.75 6081027.0 6174652.75 6200485 6083777.30
3000 8329135 8397295.75 8548490.5 8611030.0 8618823 8511158.20
3500 11278616 11371895.0 11589297 11988946.0 12356496 11693842.36
4000 14814083 14954596.0 15119217 15631485.0 17737401 15380649.48
4500 17895147 18814108.0 19273801.5 19978273.5 20916483 19373233.78
5000 22636740 22760712.5 23202532.5 24070329.0 25189878 23485878.43
5500 24302071 26685081.75 28053975.5 28719937.25 31577419 27737534.44
6000 29975776 31646982.0 32855708.5 33572615.25 34077609 32506901.43
6500 35575745 38319442.0 39057822.0 39618204.5 40954321 38853334.33
7000 43007738 44237279.5 45529551.5 46526654.75 48119922 45533778.33
7500 47581928 50213542.5 52715991 53674361.0 54601873 51838143.29
8000 55326789 57073126.5 57644350.5 58496018.5 61272739 57876773.00
8500 62560507 64913688.0 65795571.5 67047316.0 69916841 66036040.10
9000 70081696 72788317.0 73601876.0 74550148.0 78358500 73787108.60
9500 78374914 80134327.25 81699975.0 82776695.5 87849993 81879782.40
10000 87669877 89924318.75 91217563.5 92323593.75 94644737 91149583.40
