245512
957945
1514235
933231
916558
731850
613427
869988
2988064
584756
912122
830453
912438
1012914
882757
888169
948763
888491
925407
900878
909428
677474
936024
646910
967862
838933
910449
964870
882798
916119
988991
765754
830098
907457
967393
1190823
921167
942080
1178279
1113630
931188
911697
929254
151003
912181
1037231
3657587
888740
894625
914714
907684
912545
1228579
796663
889189
901503
670493
786977
486094
884528
962362
921316
427614
913690
937613
916533
913067
920707
97065
957426
885776
890883
914190
742482
779523
889115
883854
898285
1027300
915759
919737
396917
628826
892306
913091
888716
906087
931262
821781
859186
915138
946797
149736
886073
915086
938217
840918
921841
890335
908083
958606
884702
1071482
917040
302227
923273
985129
920234
967879
933235
614371
885623
909428
648946
916193
946232
926490
938566
186732
902672
943103
941081
905362
907835
930964
942983
884104
903971
904097
739053
889089
888356
972091
904144
902152
731565
919896
958604
1074594
883233
938366
850998
805397
957287
296141
912069
833921
706121
883580
713764
909529
937344
1522302
988141
906859
907111
887794
1002030
934105
2905353
904592
732541
910798
879767
1040585
915086
912166
926841
1414829
957635
735019
913192
733981
953865
924982
886509
888940
886846
211026
1038716
952902
904717
988186
920221
898399
907408
792508
907435
908655
877858
892730
913316
911996
919472
704124
3420428
909329
892728
893102
1375166
917032
918402
1089129
721577
963542
887792
1019320
1682339
902674
915138
612113
900506
544332
893476
933082
4402044
908309
891308
1096220
916733
1095257
935090
944522
934155
793576
889139
909588
939769
892702
768172
885199
921144
921669
2736049
986554
767426
915834
936199
956063
910424
893863
818809
917753
917808
929933
878065
774223
889164
892156
3041208
917354
862881
853159
885025
707698
939789
890472
896465
872039
864092
893351
909104
964114
884503
913541
912595
938177
919376
957212
914265
949833
963353
914797
910003
1424438
917357
792344
934651
446955
890260
888316
1066469
952199
921516
890584
952276
871578
889813
829581
910699
914237
918652
913067
881518
931852
895994
910052
948089
947590
910973
959776
893376
915485
899385
884029
1020944
892803
897763
753642
781217
909404
655099
925481
779168
938479
3124332
984038
1464341
913052
912168
936049
910327
917004
923459
794762
903597
891333
857661
911273
909528
920305
885848
883205
690445
860501
886272
903645
901676
910203
883482
889164
609877
752985
916730
924989
915412
913873
917630
14987
774388
887594
914696
910324
853771
901779
724506
921419
925446
920296
888890
915535
909783
905838
906113
913117
894921
1399144
908655
920945
934355
891729
925700
1326625
916281
918377
942232
908505
904144
1384711
889289
1253073
919674
920620
907460
917706
931113
935213
918128
916830
904967
902075
786794
928672
798554
913740
1002998
1008754
919622
508120
874350
890561
490556
883879
894699
911894
997421
871348
891133
927497
874399
913342
1449187
680493
785664
1559328
889489
912545
964338
887095
1024191
902295
907043
890056
896668
614301
885227
652531
888465
931687
929276
917030
935700
902823
365526
911398
915263
912867
913940
841282
598113
739648
985249
910801
930067
906188
923812
976146
903920
903994
904343
886207
889763
913691
1034204
890557
885873
850283
946743
909437
883355
904368
764780
862929
907245
913417
903746
1199958
890836
863907
908556
885202
883430
210200
925858
1048837
958183
889663
914439
740541
947440
1018030
917456
918277
928084
893551
950030
896044
898300
886768
864608
904343
908458
912571
922624
880914
939540
784346
1009992
866585
918427
910459
1388469
914138
888169
980016
890559
1372751
892530
802727
954210
859238
893005
952176
997099
895271
941806
913316
858806
950107
913242
206991
915322
843201
768646
881686
1103297
908109
914200
910035
753884
938025
898909
884603
919702
921219
920802
892655
923338
801005
893601
887520
915834
897913
689861
922564
908905
1789064
728150
921835
903919
935200
910527
907335
893998
550251
936662
917304
765754
946794
931500
1003764
699224
912742
447959
683296
928935
885998
893552
842641
907685
2541108
799620
914539
997985
1001486
893950
939363
901651
950207
924523
939263
913017
749846
792326
827917
736933
942564
891707
963040
917579
891981
943502
918898
941805
919098
952275
696826
902000
910402
936598
885599
807346
899754
953272
897291
1061241
944797
909104
927425
910749
923076
911497
887792
884802
563664
910824
2925037
743214
945197
889860
909753
916341
908907
731506
893751
909079
799328
888042
942354
994539
797344
757636
906250
797873
929022
892204
1784602
2780034
782884
911472
933855
917901
898218
1092071
924108
915305
920770
993970
937446
952224
885374
910926
1477212
734078
885027
947400
891308
921316
850460
888640
890288
924632
905890
945321
888041
898687
781347
923762
915211
889140
915011
1052410
954644
763261
563254
1597506
1697361
891083
951527
997538
928797
920521
916483
607516
983694
898437
796883
1024971
1021493
940285
894472
795703
941309
934803
2329057
920006
913441
913616
940735
913491
928797
584272
912592
589250
914389
922764
946591
889786
940286
913591
908480
915760
909062
885127
542211
2456569
917828
904119
2795371
868379
941856
912071
888341
873791
885876
939315
1027587
972887
916009
951352
830872
921569
924623
865539
893975
939887
1498172
921169
889935
892703
715717
931761
913217
912870
2636354
1026613
890080
922963
922689
170150
915185
888516
812239
923887
911547
918999
929229
62628
909030
997975
852221
898662
888266
888316
859323
1007734
941855
968547
941034
918724
893552
924732
896019
939388
652983
672734
909304
1388856
891981
484589
927150
906686
880184
926851
916979
886328
910078
919348
900578
896543
892802
915859
724341
929730
2538917
936395
730415
920221
906015
891957
905124
851920
890559
885773
894297
854719
896685
886272
660140
890936
914562
799246
930090
912743
888865
808503
891682
891954
889039
978178
887046
939615
832476
928845
909479
1588059
899937
830111
1143549
889795
888241
1009658
916855
939315
907295
945821
785469
737449
1033642
857456
894075
997236
945696
738285
939078
1106584
950681
893302
922515
909900
907882
606116
907185
943662
1052667
913067
908703
918402
924381
985184
897514
782188
1253348
943726
914065
920171
908007
904767
954195
890260
942155
912047
895594
914187
951577
805367
970990
921815
892178
936298
921044
899158
714485
963417
915086
730678
931712
930826
888365
889554
888316
898160
938941
892428
898170
986983
754101
921691
920421
969224
914739
1085018
939262
756484
1008191
915563
896465
931278
651932
912368
945146
768184
961920
1015402
268685
1595542
906412
881661
937519
893177
892777
778543
926577
855834
829130
892702
892431
1035761
950080
888092
993491
916657
780836
926627
887807
1176055
2842687
957933
893426
912942
720414
2546056
892479
912221
942713
293790
933993
956932
915635
860413
916331
925693
915133
908955
849384
905741
850240
907285
949508
727567
944373
891382
947340
888469
943502
915884
1079391
1055587
996043
932273
886048
923744
939003
889214
913117
926157
999096
853130
818168
928146
1006489
633896
915135
933407
825063
893251
553620
925855
891755
829603
967207
955593
939752
877581
913044
820965
878856
1026229
918078
930641
