2255811
2175802
2214374
2238479
2183081
2201029
2212171
2292338
2218017
2531115
2722789
2150414
3192614
2035336
1753755
1510949
1957898
1472201
1930465
3235668
2025008
1875484
2016314
3289814
1724187
1294818
2141117
1958250
3370761
1960097
1948342
1993626
2358446
1579270
1942743
1469249
2032129
1220806
3604448
2073749
1250147
1855903
1653156
1898825
1975716
872032
1998186
1904115
3636562
1948431
1333437
1496401
2048022
1885318
2007366
1266795
1984105
1485781
1299456
2302631
1385115
3716507
1963618
1952824
1642090
2051386
1698087
1521127
1938762
1927823
1927767
1764021
1920694
1927633
2438781
4364784
2239365
1668902
3880589
1871659
2017589
2047049
2039680
2878896
1852931
1390846
4752770
2012858
2109968
2327771
2327697
1978161
1609271
1929734
2022123
1558185
4306398
1987718
2020403
1812427
1732305
1633177
2161751
3765667
2016215
1293832
2403619
1713563
3288219
2723013
1516748
1866383
1138227
1928314
1879828
1912170
1808872
3432748
2056586
2548000
1978034
2644157
1299246
1977776
1244843
2002607
1802453
1708056
1436179
1790196
1645386
1980122
3563504
1894154
1934553
1950348
1742813
2025851
1997250
1215843
1632687
1954541
1926503
1197507
2496400
2630228
930272
3831823
2055827
2028082
1926812
1461000
1663133
2061257
1582542
2194285
740351
1404393
2084426
1915918
2011007
1935985
1560905
2841159
2079924
880613
1345996
2043248
3713293
1731666
2107175
1645895
3752068
2215861
2079441
2245164
2098083
2717556
3698391
1858833
3226597
2116690
1749690
1990473
1998156
2321022
1545444
3477871
2249908
5256955
1946243
1971526
3291520
2120126
3042641
2074118
1458488
1914680
1819409
2123171
1916856
2134218
2047500
2196965
1925632
2185411
1517978
1987932
1841940
2034989
1907431
1858169
2016838
2010882
2012917
1758436
1927698
1784534
1747090
2100955
1465300
2018911
1978455
1811955
2071413
1799212
1722369
1958443
2033936
2172401
1954361
2441807
2084761
2054777
1803122
1623847
1930812
3331248
1975304
1466891
1673183
1965257
2023969
1440112
1979157
2036207
2047346
2164615
2075675
3809627
2353513
1683220
520023
1893904
3665665
1993709
2034207
1986493
1959321
1314295
1843886
2265069
1306493
1686918
1908804
1949490
1939291
2022921
1762845
2327928
2194212
1477272
1818543
2000149
3864225
2098312
1818565
1615879
1934940
3600368
2043625
1500521
1997584
1751452
1950900
2051461
2076735
1442348
1973642
3800307
1788854
2126262
2017614
2056893
3696078
1769141
1717828
1970001
2054268
1064817
2026376
1756390
3127651
2005545
2046899
2058911
1982311
1884257
1939516
1529609
1869712
2272103
1912302
2767819
1697566
1868576
1646152
1201435
2099156
1675058
1994729
1793031
2001255
1100550
3601895
2424347
1521156
1894213
1911813
1494202
1582157
2084060
1609656
1814521
1963633
2398566
1182416
2664087
2102926
1934848
1038045
3730027
1966542
2034860
2139321
1840142
1757221
1490692
2159972
2119767
1886892
1959768
3679612
1580037
1895663
2140535
2137309
1993776
2050609
3678144
2218305
2192134
1631577
2062983
1727135
3555826
2104022
2001657
2010710
1744193
1911539
1914320
3782071
2232376
1961172
1832349
1827833
1812502
2726739
1451136
2036955
2046939
3766747
2171682
2278632
1416333
3924908
1985657
2048521
1221672
2187412
1419772
2422820
1753825
3826194
1896988
1968202
3673513
2096553
1544248
1824994
1443975
1465274
2206778
1909153
2095076
1356853
1833492
1916200
2143558
2001559
1222548
1455502
1724695
1480243
2103582
3622324
3595666
1751153
1777116
2503619
1625397
1764672
3962223
1987923
1742476
2030647
2049402
1726758
2073791
2029974
1481818
3464663
1434247
3927989
2932810
1304594
4007515
1947117
1870818
1821605
2008499
1280890
1955224
995118
3805270
2858172
2049043
2196341
2604306
2006724
1841240
1761743
1846151
2043034
1821725
2096428
1521571
4207891
2383365
1491179
1977914
1267373
1479964
405345
2005754
1896642
2226442
2032833
826714
2192663
1682676
2048284
1751384
2001280
2116686
1788339
2620189
2705030
2128897
1988189
1797086
2462593
2713514
2149411
2069332
2023346
3468034
2078015
1341861
2034360
2001644
1977160
2703695
1533225
2076581
2145119
1765098
1688323
1435213
4479111
1126194
1541039
2022548
2016721
1925807
1272711
1611235
1981487
2230287
2282719
1941686
3792911
1895698
1976486
3726803
2577577
1509125
3984191
744286
3758413
1916549
1992244
2009238
1994737
2573580
750492
1747713
4837453
726654
1634459
2008858
2304750
5172167
1955263
1938500
1934148
1948030
2891814
4580558
2193234
2665756
1193431
3726062
2109270
1984623
1396124
2089090
1950021
2728411
1976943
2532664
2373269
1672368
1350620
3929110
2032890
4831088
1234775
2110944
1782219
2054528
2110771
1665746
1870248
1562144
1806863
1719849
1853620
1668090
2054198
3481559
1436868
1739245
2621599
2378678
2015306
1361025
1717286
2088466
2016711
2073976
2130058
1974543
2143945
1713104
1676323
2054553
3476725
1621569
1969918
2059039
2654472
2866013
2074213
2636035
1899379
2032287
2118183
2200984
1767471
2219051
1498171
2843123
2197800
3581573
2085015
1969020
3222618
1757395
4929330
2577135
2547763
1447363
1879848
2480459
1922755
2181226
2550905
1804679
1214209
1878597
2191016
2012424
1944204
2212852
1810479
1747816
2151408
3517633
3468314
1317010
4024112
1360756
1901799
1810219
2043174
3477753
1920471
1606507
1971773
1326153
1532336
2178267
1966154
2052778
1855120
2664564
1975660
1135531
2500108
2030852
3226328
1706873
2238616
2088102
2115694
1784749
1522956
2406419
1961622
1394275
1131307
2040404
1583871
1725278
2053315
2035238
2191462
1928816
3693528
1305544
3700334
2007742
1244769
1819000
1879029
2252673
2012371
2296810
2017592
2766512
5580842
1946126
1517896
2025515
1835089
3199922
2102946
1745251
1620725
1837944
1970338
1984788
1277792
1890503
1916414
1694125
1650818
1063714
2027905
1394951
3699885
1593341
1924187
2261376
2228892
2228730
3365547
2041941
2098695
1814688
1661830
1362735
2444794
1813939
3455658
2038474
2044982
1515909
1750820
2019957
1294253
5003646
1807257
2290267
1493130
2150729
2265079
1853673
1961864
1576253
1319841
2264773
2142747
4214878
2198611
3778677
2021971
1715604
1991193
2194325
1971189
2122799
3821143
2866836
1950804
1676850
2031682
2086310
2106764
2518807
1271371
3667851
1452112
2820753
2001727
1618017
3265343
2062622
2070805
1646466
1989814
1404728
2187130
1528541
2080698
1634280
1463461
2127310
1436546
4190993
1206902
4865555
2030470
1932312
1965375
2249805
1884933
1707299
1571520
4415753
1930004
2480714
3408715
1765578
1434487
1870997
1323833
2024713
1306478
5537403
2646737
1968449
1984955
1739299
1315249
1507205
2162070
1471066
2029434
2068012
1587103
2200600
1871162
1927526
1190696
2087128
2034063
2091073
2101898
1486282
1980991
1978575
1511168
1326932
1711023
1746653
2045023
1919816
6631882
2135158
1865931
3657318
1772211
1205028
3048891
1922693
1985654
1289467
1711445
1468176
1533606
2009056
1624480
2334005
1627582
3552118
1583712
4461001
2193389
1976215
3775668
1672837
4063619
2062452
2474157
1469699
2004284
4851449
1832649
1889515
3375016
1991750
2526825
1270747
1302336
3679167
1551213
1343398
2022305
1683532
1652575
2111725
2049756
2208191
1884861
2089786
2096705
2159181
1692659
1664697
3141453
1955167
3898074
1785765
1569506
2009187
2054136
1780153
1277060
1702936
2284004
2065978
2462887
1952651
2079226
3885696
1288747
3103793
1727687
1994495
2013973
1640957
1342560
1931980
1294495
1872427
1988951
1416513
1697513
3037128
2128815
1392918
334025
2059283
1517087
1741777
2185683
1221889
1977505
2205334
1859314
1605094
2619673
2056371
1426355
1628562
1998210
1290183
1828691
1820228
1336492
1944858
911924
1900702
1865076
3638254
2027723
3886739
2322451
2007119
1688061
2062285
3657705
1734771
1626893
2048751
2018760
3811371
1991311
1598379
1981864
2172546
2002241
1301220
2577340
1232664
2023543
2001455
1924654
3390543
3892416
2000619
2076753
2076977
4150446
1766823
1995780
1998677
1645316
3866660
3179169
2056181
1736630
1863010
3815037
1877260
1496973
2027546
1845156
3629458
1500044
1928669
2015144
2068860
2095099
2046350
2160586
2107295
3235671
2532896
1738755
3118623
1972981
1443787
1725348
1482824
1052627
1814443
2101941
4313670
2043049
1900532
1848876
2224531
1956948
3327480
908711
1821036
