3564784
4427204
3433479
3773959
3694511
3345614
3886311
3603340
4043985
3845305
3614938
2868148
2754782
5385359
4726696
3529503
3341993
2914938
3678771
3132068
3561114
3686064
5272057
3698768
5867398
3002681
5507499
4186344
2664997
3062651
3192202
3086032
3916404
3069605
2711473
3598342
3968169
3261322
5895912
3603786
3801021
3420186
3264047
4592821
2977296
3085160
3824360
3605745
3074020
4789828
3584271
3233829
3678414
4988841
3739976
3610402
3834133
3964541
4476741
5555192
3676862
5070715
3360586
3596977
5694116
3197909
4024695
4295197
3896571
2645272
5265913
3649251
5449407
3303708
5658558
3464042
3624410
3626930
3591731
3236287
3565458
3336878
3868187
3675519
3658102
3604198
3493461
4838364
3928978
5408957
3448456
4613609
3260207
3634681
3866475
3609083
3801654
3179891
3126079
3647357
4039326
4591241
3549139
4405599
3591280
5580781
3428141
3833634
3291059
5431637
3162385
3532083
3196766
3822678
2674697
4722429
3808846
2779111
4196378
4842662
3170601
3417192
3948501
4673726
3151513
3639137
2564267
3505559
2496132
4070936
3544735
5477104
3450435
4499456
3280311
3676252
3494676
4184415
3220173
2672459
5331777
3584690
3540089
4295693
3669201
3017051
5866759
3410374
3412638
3731100
3596435
3068997
4334511
3465614
6131417
4021077
3979092
4192473
3746194
3299124
3041306
5434728
3679464
3275478
3660316
3965155
3494519
4131103
3448012
4554216
3530878
3734017
4583108
4497020
3965632
3604971
3093335
6028241
3680754
4312066
3700933
3131080
3678531
3059147
3328391
4136528
5009348
3607729
4939911
4053639
3697106
6473030
2851538
3866598
3106431
2829600
3849954
3699546
5704644
4080987
4188168
3682391
3732380
2954518
4797810
3679841
3623862
3677516
4758008
5037400
4128193
3383855
4218734
3902121
4522236
3136590
2869224
3483238
2812867
4935060
4051515
3094291
3165053
3599714
4252859
3537900
3723449
4052960
3449092
6202951
3455844
3200831
3634563
3382839
3740504
3549324
3339550
5672547
4842264
3348629
5869140
3817335
3536044
3379518
3778742
3525568
3607931
3466357
3777577
3049717
3480111
3197263
4669461
3266368
3041410
2932937
4369286
4386486
4937872
3595303
4679695
5597168
4119054
3656597
5804127
3816753
3229542
5578878
4548397
3662309
3655025
3287765
3223025
5767803
3824490
3569525
4572234
3667347
3406916
3287701
4386750
3212447
3371391
4062927
3829879
3279091
3865265
3595936
4580993
3599829
3680233
2458608
4236562
3551572
2687963
3704919
3280948
2858504
4353665
3747137
3163299
3567549
3521418
3438754
3723544
3387762
3961936
5846992
2750005
3600662
3423325
4494655
3351374
4127999
3096851
5512692
3282929
3542581
3673458
4177681
3629381
5295294
3186173
3411655
6030572
2771300
5534633
3312978
3499447
2535843
3039117
3641078
3082580
4487094
4396379
5124724
3972494
3864007
5076791
3476630
3710668
6323651
3542256
6103505
3417786
3654766
4550385
4463212
5274223
4758839
3604240
5668782
3819725
3400229
3304239
3610798
3453936
4884415
3645151
2628563
3603449
4354930
3525591
3455498
2950132
3729922
3507255
2997651
5409449
3446736
3132774
3802822
4540868
3433663
3161645
3562935
3352566
6472407
3703384
3287638
4210796
3520124
2669699
2908882
4666682
3884843
3815244
3636051
4087168
3839434
3856461
4415633
3629238
3694189
4286990
4064273
3491824
3551240
3467924
3236506
3647562
3093261
3347612
3603552
4564988
3413981
3553308
3794742
3244503
5526392
3764969
4550296
4910356
3208833
2898584
3685291
3561630
4547845
4289082
