5083294
5091526
6571298
6548309
5239104
6843868
7043968
6130559
5750193
6179956
5809784
5140052
6883701
5234584
5897327
4982094
5762111
5222727
4335668
4881988
3793947
5625073
5901030
5734521
6750913
5807154
6010362
4774092
5954203
5561079
4020975
4784517
5945474
5517990
6704156
6433425
4889144
6800720
5528093
5611551
6366411
6146713
4664321
4938353
5738039
5660067
6067861
5806081
6740064
5625071
5064494
4822117
5562656
6396352
7005353
5636300
5735323
4072548
6163213
5824666
3796008
5597827
4921401
5023831
5441361
5519065
6428866
6609128
5824245
5753457
5464185
4974765
7691037
5190712
6394134
5786126
5781660
4934252
6919784
5193273
5765839
5140436
6422750
5366565
7429536
6174644
6872644
7822333
6107527
8113096
5475971
5564301
4758949
6945872
5741308
4355776
6169979
6589082
5119094
6259542
6055657
4663308
6726512
4762778
6073135
6724370
5889647
8335795
5096352
6316472
5964299
5233704
5634436
6123690
5704063
4497564
4770215
6019180
4340857
5963341
5988029
6195367
5270250
7184184
5694446
6281962
6899199
5725462
6925210
6316859
5566383
5904409
5504156
5304408
5566434
6655942
5732821
6179851
5707988
5935176
5638495
5718613
8236931
8322363
5596343
6064828
5434791
5605109
3805490
5862143
5564206
5371288
5624368
5955186
6113903
5973639
4617883
7650059
6190421
5690847
7050325
5806338
5617632
5745659
5756464
5993139
5143867
5913938
5664527
5949763
5836075
6939676
5756105
6484275
6101426
5599292
5447964
7871865
5626321
4618427
6572773
7680861
6362748
5525695
5294899
7955620
5939225
7482294
5287832
7031741
6911626
4828001
5981215
5298747
7672427
5139494
5547496
6299320
7049315
5436792
5538608
6585394
8451491
5812644
5879913
5515160
5332549
5839011
6593843
5899685
5578436
7119141
5718213
