7959607
8195244
9356318
10111080
9078093
10450132
9630373
8711000
5049585
8645426
9497887
9377658
8929006
8106406
8532561
6460157
9067885
7500710
7311358
6683644
7667591
6436773
7442444
8217837
8277320
8164592
8420838
7346489
7888628
9213236
8132462
9479893
6703146
7572405
8331659
8064525
8495230
8299124
7659388
9957918
6465936
8372584
6247377
8281332
8641341
8098808
8466699
9374064
6488691
8113326
9510743
6242930
7489532
8769610
7292349
10068277
8237732
9085629
8403151
8491473
9646807
8198473
7492116
9163889
7759463
7008539
7436762
9550134
7414130
10470761
8360134
7459968
8093895
8876205
8092662
8081550
8576234
7975475
8692700
6280018
8041126
8973752
9353968
8473958
9098587
9881936
8335810
9625914
8754952
9530920
8444371
8561908
8014589
8709934
8189151
9083615
7838622
9372872
8443508
9767208
8136282
7492662
10103045
8221620
8265475
9853117
7607621
10277964
8104614
8908778
7996355
8251521
9002565
8806069
8153066
7102226
7807318
10793742
8119604
7994462
8713800
8673608
9001807
7833274
9632464
8554989
8689604
7278796
9464607
8240717
8174299
9706208
8826479
8309465
9088606
9462496
8555568
