12340521
10569439
13329837
12271433
12300719
8967267
10775389
12264858
10341285
11246447
12699417
8690996
11243734
11527943
11231083
11006817
11305875
11182217
11352008
11365992
10823948
10968354
9956101
11898764
11754899
9980091
10940110
11563470
9004918
11292245
10826238
9901112
12149243
12064499
10786751
10395892
11053125
12462477
12020173
11152333
10219474
12405364
12418971
12477977
11176912
11316971
11284243
11760909
11092541
12242835
12146182
11579745
12343939
12461041
10861410
11835944
10686112
12619105
12292620
12447974
10998051
12552236
13044406
11079977
10364679
10910957
10514160
11834928
11559917
11273301
