16493241
15494890
15298930
14583931
14655706
13121391
15096198
12799690
13006208
13934279
16205905
14387697
12281934
16466448
15376053
13793907
15605204
14863695
14642059
15253505
15913071
16912601
16145129
14513274
16473301
15036932
11422558
15842117
16207775
15920876
15092477
14333501
14379839
13832560
15342119
16084898
16540023
11564472
15092428
14123760
14504747
15645711
14553433
15038999
15259928
17367066
15535426
14539821
15081187
16164136
16147600
16249134
15639607
15186199
11428269
15557756
15134769
15213748
14357685
14532996
14515839
15321046
15810679
14618893
14511969
13965180
15503977
13784979
14435315
