264211
242150
241751
241127
263510
242574
152968
240928
241304
240681
242400
241651
243673
243545
242923
242025
131181
241801
240406
239033
240481
240381
241726
246237
241853
241876
263859
294289
242624
241875
242050
247211
240156
265628
243395
261517
241202
257853
241976
241975
267675
293172
241027
242051
241254
241354
242275
240106
241427
265107
279460
242624
243547
252169
274579
240581
48626
246390
268521
241653
242425
23211
241054
281456
242699
242200
241302
242946
242649
242449
241376
242350
45644
240705
240655
241828
242849
243695
241551
243073
243046
240056
240553
241152
243872
242025
241776
242175
241252
239807
242774
242774
231525
242923
242774
243398
243024
243994
242774
242749
242225
242050
241828
246836
250901
242749
242796
241928
241179
243445
242898
113941
242500
242349
239286
241554
240580
240630
243797
243420
253491
241426
341917
261643
241227
251048
241753
243345
290404
112297
244119
267261
285259
249853
298002
240406
242200
246338
242848
241975
39713
241177
35857
241102
240606
240780
260745
241728
240979
242050
243270
242674
244069
242424
239283
240878
241803
242771
240727
241776
240605
242848
234026
243994
241801
240306
274330
241127
241579
241354
242874
244967
242971
245763
242425
247634
242425
243373
241427
241302
239357
260196
241354
242624
249029
243372
258426
280773
241651
240728
244244
241127
286417
291528
241404
242824
244319
199520
242050
242424
242874
164663
241602
242150
243744
242724
242798
256857
241229
180099
243295
275924
272733
267996
274380
248781
243446
242873
246312
241851
1113898
241429
243720
244069
242799
243570
242150
242325
255800
241251
242324
242699
242846
246662
240780
92077
241801
241354
240555
242202
28536
239657
289484
218277
243744
242749
242499
240082
241651
244343
281706
245716
242699
243373
243298
274354
238634
240081
243695
241800
604811
230647
242649
241404
240082
242824
246911
242923
243620
244793
242375
248259
244169
129093
240753
247285
242624
241254
261703
241379
242000
151049
242100
242824
240680
241005
241401
272037
242474
240827
240706
245491
243744
243271
243297
243772
241402
241729
240802
241180
240381
99822
360944
240556
255060
242075
242774
267051
242549
242474
241427
376844
8252
243595
266554
242796
242250
242500
243223
251448
242150
241851
242599
242475
241404
243769
242000
242450
266676
241301
242374
242599
241726
247781
242050
242275
266704
101412
251223
242003
239583
241204
252942
242549
245239
266402
4039
263884
240902
242549
248156
242524
241825
106540
240331
241753
240855
240980
242500
242302
243547
248057
242624
240954
259347
241354
241027
244767
242078
244443
243023
241800
243370
241329
242799
241176
281109
242150
265182
240381
239760
350514
242699
271238
275113
239906
241579
242923
261991
241277
240453
404628
241801
281559
242749
248383
241007
242175
243694
173728
240853
240406
248406
249154
262614
251872
98602
241279
240328
241553
242898
244096
400500
241978
245913
244144
250452
242474
244294
243670
252868
242824
243944
242649
242674
244418
242524
243572
242599
248009
242375
243747
242897
242500
241751
241329
239682
266751
243947
244368
242674
242724
249553
242053
242799
252943
51408
241653
242250
243445
242375
241080
241504
299055
288236
95171
240880
243622
284423
249504
246462
203351
224061
295988
245666
245464
244418
280810
244668
255010
268948
241676
232247
240927
243470
242250
243173
242125
242050
240156
249179
264391
182175
241604
488368
243722
242374
242100
241005
241803
261853
240606
242846
241004
242125
247410
243572
243273
242000
144299
269893
240131
240056
243547
242575
241479
240453
241155
241626
235797
242499
240007
241279
242128
246864
242749
242474
266479
294467
242227
242375
242425
243794
244019
242949
240107
287505
262948
242299
242524
245292
292730
242425
241775
240006
240955
364966
243073
251545
241926
240954
246786
271116
281706
258851
240156
242225
295814
345983
241601
