226
364
391
176
356
356
250
338
355
345
359
340
352
359
352
339
355
351
356
342
339
357
1062
111
124
356
342
357
358
178
388
358
945
70
339
365
256
102
339
286
358
357
971
242
359
352
382
455
385
360
108
379
380
683
379
487
430
361
433
342
340
450
364
356
327
353
327
338
350
207
354
338
310
347
372
347
338
343
346
339
338
348
338
346
339
342
345
330
366
336
332
345
346
336
344
142
344
336
1025
356
345
317
336
344
345
345
349
361
343
295
347
334
35
367
90
335
758
342
342
181
335
342
183
342
334
196
343
342
184
333
342
859
83
334
375
226
345
332
345
341
338
333
341
140
341
333
718
155
341
340
150
345
197
391
337
333
330
343
341
334
343
349
341
316
334
340
347
341
333
345
342
341
338
334
822
236
341
332
341
356
313
367
360
334
351
341
350
333
334
351
291
349
128
189
352
352
867
58
340
357
256
359
339
343
356
336
355
337
341
353
336
356
336
339
389
339
358
356
341
358
353
359
283
340
338
417
354
356
339
339
354
357
974
271
339
339
337
360
351
337
337
314
354
263
355
338
148
361
360
758
132
341
361
91
370
356
114
358
357
825
356
342
138
356
355
237
359
339
340
299
389
356
340
339
356
338
356
354
339
339
352
356
267
339
340
895
334
356
328
339
340
63
358
359
133
340
357
347
357
353
339
339
791
357
356
176
340
247
443
358
208
355
338
116
355
357
835
77
339
339
313
357
346
355
213
705
206
355
355
47
339
356
350
356
352
356
339
349
356
200
364
341
820
374
359
299
359
353
339
339
359
356
346
355
339
339
362
342
357
356
340
341
352
361
221
360
341
47
362
358
1028
358
356
137
339
356
277
356
352
339
339
349
356
344
357
339
339
356
343
357
354
339
339
680
373
370
365
359
344
348
357
168
358
362
74
339
356
293
357
353
339
339
726
301
356
307
390
339
339
360
389
358
272
342
341
359
362
350
356
317
339
339
390
356
353
357
351
339
357
84
356
391
875
339
339
141
356
356
159
361
341
341
355
350
362
353
341
341
140
358
344
363
357
989
340
339
330
356
340
356
339
339
344
349
358
359
357
362
341
340
353
361
352
356
351
339
345
68
362
355
927
70
341
343
269
356
238
356
356
650
102
358
356
356
355
184
339
339
361
355
344
356
350
339
339
653
366
356
325
358
369
340
340
334
357
361
357
351
341
341
352
359
354
371
358
356
345
341
363
332
356
240
356
339
44
339
357
1022
357
355
80
339
339
350
357
353
357
349
339
340
339
356
336
388
319
356
339
339
368
336
356
350
355
352
339
339
348
357
161
362
359
1053
339
339
351
357
348
388
223
357
339
28
344
358
257
359
865
67
357
339
21
368
358
718
414
357
267
339
339
47
356
389
356
355
790
1
340
339
357
355
290
356
351
357
339
339
356
347
356
335
361
352
341
341
684
360
355
324
306
397
355
399
339
339
382
358
292
359
376
356
349
339
344
360
358
316
360
350
391
289
341
344
339
358
356
385
354
397
216
359
360
339
200
1092
339
339
339
356
375
358
366
389
380
356
330
340
339
354
738
341
339
340
346
346
151
346
343
338
443
361
345
344
344
226
344
203
878
53
344
344
196
344
304
336
340
334
348
341
344
323
344
347
349
334
311
343
341
374
309
334
334
819
342
342
203
342
304
335
334
38
342
342
171
345
856
152
334
343
342
343
207
373
311
332
332
29
340
341
815
341
341
332
333
125
341
341
139
341
325
333
333
340
342
118
341
373
341
332
905
340
337
360
349
250
349
346
349
331
334
333
352
350
320
353
353
353
348
334
339
336
336
356
353
294
352
351
353
318
336
340
337
358
362
356
346
355
225
354
355
338
338
908
352
358
96
359
355
355
354
140
357
339
340
342
338
354
335
355
348
361
350
355
339
339
339
339
339
443
357
260
357
1023
356
355
105
340
343
338
337
340
356
330
376
355
356
350
357
348
359
340
339
339
339
356
352
355
350
356
217
356
358
809
371
339
87
339
356
356
356
253
389
319
355
358
358
329
340
338
340
339
339
358
353
358
1087
356
355
357
355
125
355
369
340
376
339
339
358
355
356
356
262
355
349
355
352
369
349
340
340
339
339
340
369
308
356
349
358
212
356
356
356
454
339
339
339
340
340
357
387
356
309
358
361
360
391
361
375
385
1083
346
345
83
338
338
363
341
338
345
344
345
194
344
295
339
370
335
334
334
347
772
223
344
402
344
251
344
435
12
334
254
336
347
342
342
213
342
341
342
309
105
