657
781
758
790
752
642
791
1154
773
507
584
829
1489
635
773
375
780
743
1277
817
747
419
601
753
851
1378
752
823
1374
782
769
536
746
755
749
776
693
772
783
766
770
762
310
519
557
770
770
768
762
1166
129
889
791
777
1128
779
651
401
780
1126
787
612
1444
769
355
776
772
977
797
618
803
704
761
784
770
770
723
768
760
776
758
773
781
760
786
767
765
794
731
777
701
765
850
782
761
619
760
1408
674
762
463
682
760
773
754
1413
125
765
778
774
1096
781
632
422
778
1130
761
747
839
291
784
766
1168
785
447
572
812
1110
785
606
900
770
271
767
714
1008
776
644
636
696
780
1141
785
542
467
780
1115
766
681
850
452
679
767
856
892
766
322
775
608
1126
783
364
774
765
798
734
1063
763
678
754
780
696
761
1035
786
499
568
1001
766
784
783
918
406
744
765
777
913
347
733
765
765
737
759
757
777
766
1326
658
766
870
704
616
725
778
784
679
780
478
777
727
766
830
782
758
591
961
764
774
759
996
311
737
766
745
985
764
736
99
597
613
767
402
1377
75
767
1050
762
1029
778
584
486
583
770
995
784
488
965
799
767
757
669
768
894
164
762
1407
768
782
764
770
303
764
725
1108
762
737
719
469
785
1128
761
754
750
396
627
781
765
873
801
328
777
765
765
767
1034
768
751
779
765
596
658
560
1494
0
555
516
758
760
774
852
499
206
441
800
781
685
759
781
739
935
789
648
758
1130
709
741
781
692
765
864
778
757
519
783
1321
684
776
754
470
747
750
1388
719
562
1060
761
578
756
649
1390
757
550
483
770
703
1243
752
641
507
560
741
946
773
439
535
768
1085
770
580
947
815
759
537
716
815
477
762
775
761
769
758
762
760
1379
560
731
775
737
778
811
767
658
632
790
1057
761
694
898
330
735
765
762
884
779
381
784
731
760
818
777
738
1280
627
702
475
780
896
909
779
549
753
595
780
1111
817
786
526
765
655
850
760
1059
764
374
778
735
794
789
1097
760
780
759
295
761
1092
786
1072
431
957
474
464
633
763
764
859
761
360
788
748
764
806
1331
767
765
656
795
416
778
612
752
1261
488
524
260
524
776
761
754
780
756
550
784
1049
602
836
887
769
292
778
767
1046
780
777
428
1140
699
728
782
685
765
765
779
846
521
730
775
376
1237
781
469
753
778
756
765
799
786
751
1131
701
558
198
786
643
722
761
775
579
247
782
785
1004
369
1343
762
110
816
1058
768
761
1094
761
768
336
727
768
1054
779
510
1014
739
166
767
1086
784
782
404
777
1441
586
434
782
1052
763
732
798
453
737
791
786
772
748
1139
770
767
727
828
297
751
730
777
1204
756
629
738
790
646
745
945
753
503
468
754
1063
696
695
287
361
731
742
742
963
741
593
771
230
743
699
808
726
1163
628
682
741
738
738
742
736
733
617
738
1055
777
474
463
745
1070
738
627
896
311
705
738
737
758
771
737
760
733
484
748
489
742
1274
471
598
589
739
864
751
498
442
701
1123
742
673
830
378
567
743
1071
749
504
957
789
712
737
556
744
418
1178
651
341
777
559
1097
751
580
743
748
742
742
732
749
435
748
618
777
1038
751
559
921
304
671
740
785
882
744
742
233
742
740
769
1066
741
678
742
741
588
750
1001
750
581
366
749
1048
742
849
749
448
735
755
741
743
709
748
814
504
750
1039
746
593
984
741
649
737
464
754
499
739
1347
368
517
717
749
408
1273
781
742
380
666
741
742
752
736
1015
291
723
742
748
930
741
257
750
1137
643
715
743
744
741
238
742
595
1460
742
989
748
542
743
531
749
984
743
703
875
329
584
741
1058
754
748
525
739
665
738
1366
707
741
741
706
271
741
714
1310
741
743
676
793
467
559
782
742
1083
750
441
741
634
701
755
1251
748
741
264
694
742
742
922
742
742
322
720
742
764
1046
741
741
734
738
417
750
1043
741
742
833
