892
1278
1286
1291
1304
1388
1223
1296
1306
1306
1291
2067
1027
1287
1296
1599
1923
1192
1304
1415
1188
1339
1356
675
1490
1085
909
1644
801
1655
1015
1217
1507
901
1235
1533
910
1320
1626
1319
1035
1842
1063
975
1382
1364
1134
945
1323
1319
810
916
1255
785
1322
1664
1218
1323
1300
1337
1329
1199
1550
1192
1111
1955
1046
1126
1370
1285
1691
1224
1331
1325
1327
1325
1162
1409
1317
1060
951
1229
1304
1322
1217
1073
1288
1322
1316
835
1883
1036
1424
760
1165
1342
10
1196
1376
938
1262
1511
942
1303
1557
906
1598
1132
1031
1618
1196
1298
1290
1279
1294
1291
1283
1302
1284
1296
1120
1784
1212
1221
1298
773
1310
1778
1055
1204
1295
1284
913
1720
972
1281
1290
1220
1298
1289
1208
1248
1250
1280
803
1286
1762
1073
943
1869
1010
927
1951
956
1388
933
1238
1417
1311
788
1450
922
1121
1594
1235
760
1664
1355
1294
1091
1301
1396
917
1642
838
1208
1314
1627
1093
1232
1319
1327
1283
1317
1308
870
1933
1096
1341
1024
1221
1370
936
1298
1332
952
1298
1502
1027
1281
1377
1724
732
1370
1244
1027
1324
1210
1147
1302
1758
812
1305
1865
1235
1293
1327
1213
1040
957
1330
1595
1650
1355
621
1319
1323
1197
956
1320
1317
1706
1092
902
1953
997
1302
1307
1285
1403
965
1306
498
1067
1333
1888
1241
919
1823
984
1409
1047
1050
1624
1368
1021
1337
1333
819
1317
1317
1810
828
1844
1195
1328
1224
1392
1308
1105
1538
1343
1296
1327
1324
1801
934
1238
1518
1650
1187
936
1839
1043
1398
991
1244
1498
985
1321
1429
1134
1803
1357
1317
1003
1878
1063
1330
1106
1221
1356
939
1304
1301
1088
1332
1787
1287
1231
1329
1247
934
1928
1241
1252
1319
1506
963
1279
1507
915
1282
1577
1399
1120
934
1269
1311
1755
1033
1404
1006
1285
1410
928
1287
1853
1302
1152
999
1304
1326
1978
720
1795
1131
1056
1334
1318
1278
1327
1655
1298
865
1264
1320
1772
1171
1400
1135
1123
1329
1143
1296
1314
1407
1243
1326
1315
1329
1807
851
1315
1593
1183
1336
715
1320
1400
880
1842
1001
1294
1303
1497
1149
846
1294
1307
1716
1132
1297
1514
1045
1296
1153
1098
1288
1168
1222
1299
1245
1362
961
1112
1239
1276
1986
1111
1273
1320
1064
1248
1333
1048
1361
853
1238
1286
1404
1076
1271
1392
1086
1276
1343
1101
1108
1395
1244
1120
1570
904
1043
1828
1258
1271
1261
958
1078
1878
731
1810
1063
1286
1000
1220
1390
967
1168
1689
883
1230
1533
