2039
2140
1901
2129
2176
1765
1976
2130
2067
2787
2948
2233
2010
2369
1800
1932
2759
1809
1745
2057
2623
2055
1592
2182
2049
2081
2670
1403
2016
2553
1513
1618
1719
1817
1657
1910
1743
1919
1783
2546
1350
2706
1770
1739
1948
1662
1971
1660
1995
2011
2046
1847
1934
1995
2587
1838
1981
1982
1678
2001
2183
1929
1812
2001
2493
1485
2345
1907
1919
2021
1710
1186
1677
2072
1713
2024
1909
1979
1920
2552
1719
2522
1847
1936
1975
2039
1990
2463
1968
1991
1990
1992
2028
2007
1655
2341
1938
1760
1804
1989
1926
2047
2515
2013
2237
1756
2242
1753
1994
1960
2306
1312
2624
1845
1638
1599
1718
1809
2519
1682
1943
2569
1816
1996
2021
1803
1984
1820
2318
1920
1899
1935
1993
1993
1985
2285
1880
1711
1589
1809
1709
2299
1936
2034
1867
2632
1645
2018
1384
1953
2260
1836
1971
1949
1960
1883
2339
1724
1664
1834
1842
1902
1845
1981
1900
1996
2232
1545
2104
1893
2610
1375
2541
1854
1987
1886
1938
2234
1403
2289
1674
1644
1609
1945
1929
2054
1490
2100
2304
1686
2148
1582
2109
1531
2533
2002
1992
1996
1999
2000
2006
1998
1981
2429
2044
1674
1969
1858
2276
2008
1981
1940
1753
1928
1747
1654
2194
1672
2116
1811
2544
1850
1481
2346
2051
1678
