2705
2828
2858
3352
2973
2838
2565
4242
3027
2777
2844
3342
2882
2789
2916
3239
2572
2821
2927
2772
2899
2540
3016
2651
2485
3155
2247
3050
3191
2418
2907
2783
3227
2440
3098
2595
3109
2701
2710
2512
2849
2911
3060
2310
3410
2929
2705
2626
3077
2537
2864
2730
2790
2315
2607
2726
3055
2595
2912
2406
3310
2275
3552
2165
3597
2246
3160
2937
3256
2464
2707
3342
2887
2813
2770
2963
2177
2607
3476
2935
2665
3179
2426
3190
2920
3159
2384
2939
3530
2784
2212
2652
3236
2666
3315
2561
3748
2494
2890
3179
2719
2662
2343
2934
3547
2739
2618
2564
3314
2513
2999
2497
3554
2697
2929
3177
2730
3196
2659
2839
3195
2647
2922
2527
3169
2914
2873
2952
2560
2201
3360
2853
2949
2368
2988
2675
3080
2607
3370
2675
2960
2819
2862
2394
3114
2282
3455
3033
2508
2628
2473
2688
3069
