2729
2888
4021
3755
3900
4513
4008
4092
3720
3385
3876
3954
4108
3982
4025
4439
3818
4265
4262
3746
4586
4171
3910
3908
4018
4711
4274
4231
3988
4080
3830
3974
4469
4005
3660
3832
3028
3902
3897
3892
3853
3911
3735
3683
3534
3487
3568
3578
3543
3890
4270
4871
3889
4722
4950
4363
3637
4033
3878
4033
3831
4453
3968
3862
4478
3692
4095
3626
4581
3650
3935
4278
3305
3827
5692
3558
3764
3635
3684
3672
3151
3724
3806
3866
2360
4262
3697
3402
3605
3546
3617
3505
3506
3502
3465
3498
3662
4135
3290
4455
3686
3627
3796
3566
3616
3606
3147
3948
3952
3952
3952
3848
3841
4174
3906
3908
3868
3901
4049
3625
3766
7055
6648
4114
3870
3872
3869
3672
4012
4073
4213
3631
4153
3839
3193
3777
3549
3864
3890
3799
4114
3957
3898
2756
3894
3914
3898
3923
4042
3934
3516
3950
3653
3736
4345
3732
4047
2969
3810
3369
4406
3729
3493
3952
3681
4416
3806
3696
3913
3154
3189
4355
3272
3952
3949
3938
