500 78 93.0 94 94.0 108 94.74
1000 34 356.0 366 374.0 1280 375.65
1500 85 731.0 794.0 862.25 2022 860.48
2000 843 1363.5 1470.5 1615.25 2522 1514.16
2500 1710 2163.0 2337.0 2508.75 3071 2349.14
3000 2148 3112.0 3311 3627.5 4457 3348.52
3500 2802 4331.0 4563.0 4849.25 5378 4569.37
4000 5214 5684.5 5857 6176.5 6653 5950.89
4500 6983 7226.0 7533 7610.0 8418 7485.58
5000 8838 8939.0 9291 9491.0 10017 9290.53
5500 9920 10867.0 11195 11461.0 11662 11138.53
6000 12509 12943.75 13153.0 13434.25 13568 13130.30
6500 14316 15047.5 15315 15818.0 16798 15397.41
7000 17356 17917.0 18200.5 18519.0 18896 18198.80
7500 19447 20505.75 21051.5 21313.25 21374 20839.90
8000 21295 23244.5 23683.5 23827.5 24426 23466.42
8500 25515 25940.5 26368.0 26845.75 26975 26365.90
9000 29535 29749.5 30073.5 30364.5 30869 30111.50
9500 29348 32313.0 33674.0 34088.75 34614 33141.88
10000 35749 35909.0 36365 36553.0 40075 36567.45
