394
392
302
405
381
393
405
240
1118
406
395
393
391
313
390
396
408
514
385
355
395
433
555
356
399
406
398
403
383
382
396
387
402
370
396
383
388
395
404
372
425
394
339
393
332
382
402
390
384
399
392
446
397
386
393
1158
405
391
406
391
409
432
390
384
415
391
427
395
410
391
426
405
420
393
537
391
430
402
332
392
391
405
398
232
399
416
390
392
395
143
261
393
399
395
449
403
389
392
397
425
716
369
399
402
368
613
400
393
402
394
390
394
409
426
384
391
401
989
337
400
396
396
458
373
1155
334
388
368
400
397
417
123
389
400
409
551
1016
306
392
410
313
395
397
309
345
207
385
409
382
391
356
391
404
402
386
392
390
428
455
803
406
1118
394
706
395
404
400
389
398
241
394
391
408
418
390
389
382
393
383
977
434
382
394
380
392
380
398
387
1096
381
1199
388
391
381
388
392
397
365
395
396
331
387
397
341
404
392
409
426
431
391
380
501
458
385
393
463
393
384
401
384
382
392
1185
339
405
1082
406
714
393
392
401
415
395
399
403
402
1175
413
392
435
394
395
381
402
466
384
466
418
384
403
440
408
385
384
324
402
601
407
355
399
398
403
165
384
425
609
355
385
398
393
387
391
305
396
466
401
395
393
448
391
185
401
405
587
354
425
287
326
424
438
396
395
388
405
412
250
400
390
425
390
512
396
385
423
394
393
1089
393
390
409
377
393
423
416
393
405
394
403
389
403
403
391
1145
404
385
399
144
379
456
394
399
393
396
364
384
395
357
345
396
392
428
399
393
385
428
396
385
405
390
421
404
395
445
591
402
435
393
395
394
346
393
374
391
392
395
389
317
806
328
388
377
392
369
385
388
389
1188
318
391
395
383
399
407
1161
385
404
413
404
356
399
398
407
385
332
403
389
431
424
405
307
393
396
389
392
416
459
417
421
401
394
384
388
335
282
385
400
392
399
424
331
396
387
408
393
346
408
390
425
445
394
381
393
399
396
394
383
393
394
430
392
408
616
401
383
397
391
396
407
354
396
438
405
375
259
399
435
335
398
405
359
405
805
396
387
311
386
1129
393
331
397
385
405
385
311
389
405
433
397
408
388
405
404
421
401
395
402
355
403
356
405
347
393
374
348
427
403
555
385
425
408
796
315
423
395
399
386
398
384
370
385
395
394
384
394
394
391
408
461
399
403
1214
410
404
391
422
305
382
389
404
392
401
429
344
353
392
394
1050
404
392
363
396
428
396
387
376
394
407
437
1181
396
1031
450
87
383
384
534
395
403
393
1143
410
399
436
382
402
400
383
397
385
384
391
351
391
386
401
403
393
387
385
353
381
406
435
375
344
1036
354
392
372
582
397
393
392
369
395
394
1194
367
403
394
96
396
371
402
404
385
429
249
383
403
411
497
413
382
383
392
399
406
400
383
500
401
227
391
395
403
394
430
402
395
375
399
1062
375
407
396
210
388
382
402
389
489
389
395
376
407
550
391
391
394
393
387
389
391
382
404
44
360
405
392
145
393
394
396
361
388
390
431
452
391
423
354
400
392
402
398
388
390
428
419
390
461
390
382
369
395
382
402
528
311
397
384
394
384
460
380
1103
392
460
390
394
413
402
393
392
369
403
391
382
426
395
406
391
396
395
386
398
382
304
396
362
399
385
431
384
403
396
392
403
352
391
403
393
386
346
396
397
396
411
404
389
397
397
385
394
348
400
404
395
384
396
295
394
395
436
393
404
400
395
397
389
397
1168
395
394
376
422
362
342
400
404
393
386
396
411
393
394
426
317
394
382
392
393
310
433
978
434
386
406
400
397
404
401
378
395
394
342
383
401
385
150
392
394
393
402
378
385
402
395
368
402
402
252
393
558
425
387
632
385
291
402
403
395
398
414
394
392
404
383
394
396
471
390
383
381
412
395
395
404
393
446
391
392
425
400
393
405
390
400
393
1156
396
394
393
400
245
396
381
396
388
391
372
393
391
538
457
392
397
1172
393
410
404
424
381
393
393
389
373
1107
367
431
362
393
394
401
390
395
555
394
383
464
382
394
387
385
392
395
378
405
605
390
392
394
405
221
448
383
309
396
391
421
383
542
396
413
395
394
396
402
385
399
358
424
382
368
390
465
403
130
384
393
384
455
449
391
395
397
339
416
403
439
393
384
353
402
408
550
389
382
363
397
396
399
296
395
443
437
1304
394
393
395
403
396
391
1050
387
388
392
386
396
394
393
383
430
404
360
393
548
398
398
407
111
415
424
555
349
1152
394
431
384
385
363
411
402
382
391
326
1179
556
391
