749
740
856
957
816
998
2036
620
997
953
366
684
673
1180
870
881
898
840
853
867
721
898
887
862
905
847
778
907
757
822
648
619
917
783
875
970
841
833
634
834
942
1038
967
783
979
698
871
851
888
1032
474
842
1178
864
822
848
856
843
751
1375
863
551
836
731
1494
761
824
862
872
708
730
777
842
814
1494
891
846
970
1291
809
947
860
849
626
673
905
822
734
1290
749
519
1523
879
879
747
870
936
721
645
769
667
1607
871
769
862
925
823
885
1053
904
1136
1459
703
600
751
890
1467
901
929
1625
847
1175
664
806
1557
849
757
1736
859
890
791
943
925
812
908
900
1648
859
837
1930
869
693
1646
665
1341
922
892
794
826
1508
836
800
972
846
896
860
744
859
677
1495
686
1403
802
708
820
931
617
1030
848
1637
869
917
890
765
474
993
714
625
1505
880
798
1738
911
648
1779
973
920
554
1581
858
761
769
851
577
607
764
690
751
853
528
1067
794
855
727
753
860
818
1730
517
909
495
796
1513
853
829
842
827
1587
862
830
877
784
814
878
753
804
866
736
1076
809
588
1666
856
865
1565
759
574
477
897
632
828
591
1340
772
806
1126
1089
710
807
1049
901
770
620
855
896
916
869
1681
749
500
848
1538
857
572
831
790
761
872
891
869
1113
747
882
942
872
1588
811
865
747
886
1189
906
1187
505
801
834
863
1472
856
1772
855
928
671
780
837
845
1438
614
836
774
742
707
786
543
536
824
729
1979
729
843
608
857
850
892
898
886
1607
884
826
1946
876
887
1346
857
770
915
946
745
802
1522
951
747
1143
702
815
847
470
1467
1082
1080
1070
646
717
390
855
885
1647
499
844
741
1495
1037
601
996
874
1502
865
889
1015
965
875
555
912
1000
974
861
1358
896
867
865
624
866
892
1271
660
890
848
866
771
1379
737
1525
665
774
839
778
1028
668
831
667
1106
1083
854
679
898
606
1477
650
1469
904
615
1609
862
888
857
607
1354
871
831
1189
852
765
848
1582
503
1534
864
834
1420
933
826
902
931
844
853
1589
860
673
750
863
1259
582
859
765
861
860
546
1314
935
852
715
647
1399
851
752
1471
624
517
1411
865
817
609
747
861
1352
690
815
1617
1545
903
841
1359
924
1629
802
756
1036
834
895
784
597
809
988
1018
926
1863
879
824
1517
904
1456
954
1529
792
776
845
977
771
581
749
719
801
754
513
761
829
1522
799
1191
1341
952
1476
852
779
1324
814
841
953
752
812
1014
803
1095
657
838
772
867
839
1597
715
841
810
769
1295
692
1506
781
853
1519
753
638
863
569
882
792
1860
806
861
1465
856
628
878
655
1257
718
549
706
618
1685
837
1427
941
674
864
932
850
1356
647
879
796
1449
756
841
627
846
880
788
874
768
821
782
843
576
845
850
763
827
1827
853
868
699
873
1631
978
827
1416
917
592
1415
883
1347
710
768
981
1707
714
632
750
656
866
1331
847
789
829
786
1578
861
828
659
877
871
840
929
862
976
718
694
1643
781
891
924
768
563
878
772
1564
805
802
872
624
742
1039
1317
1021
572
830
971
833
925
910
880
1007
901
1288
807
851
917
864
887
882
412
1051
973
904
779
791
429
842
889
1285
838
744
856
744
1448
836
734
1369
857
861
956
894
853
1668
896
842
1574
862
1462
873
670
956
685
934
739
728
861
669
1161
866
962
751
798
829
2027
787
803
864
812
788
887
731
756
861
807
785
850
1423
727
819
841
715
856
857
1347
1008
1654
867
902
1577
686
708
971
597
835
908
738
761
589
869
655
1634
867
707
1481
827
860
876
719
662
856
681
832
612
731
363
766
855
744
1352
870
869
1017
760
808
768
995
967
1532
553
1019
927
708
761
924
754
772
839
718
763
666
1545
855
945
1534
866
1579
1375
949
863
680
831
831
1585
900
1480
284
530
1569
728
1422
1114
1645
580
823
736
872
935
903
1075
778
885
755
905
856
910
691
782
743
1078
553
853
759
1371
1013
757
856
671
870
716
1500
749
794
789
794
1403
1364
793
815
1677
909
771
1598
874
799
884
569
748
563
737
1580
814
1014
1637
1012
627
810
845
1617
859
862
766
712
850
941
1051
385
741
854
850
787
850
1430
781
723
879
522
858
742
804
908
787
952
866
1059
631
825
860
1717
817
1622
810
399
832
1160
1025
862
743
640
746
867
694
891
845
1044
904
1625
780
683
724
831
915
893
677
931
863
1274
862
1149
1394
1158
717
727
955
853
983
1585
840
857
1532
838
1057
903
733
1581
815
778
667
1380
869
641
756
931
926
801
889
796
754
598
639
815
845
841
1798
874
829
813
709
749
671
945
548
1354
858
577
1560
887
600
862
655
1587
661
1667
687
880
1371
824
1652
898
1037
1380
862
864
725
645
663
716
566
919
937
1468
852
984
845
1252
1056
1563
838
846
958
