1500
1074
1543
1824
1980
1642
1795
2087
1620
1652
1649
1487
1261
1216
2410
1505
2002
1444
1720
1841
1454
1212
1751
2009
1339
1672
1478
1779
1879
1466
1211
2044
1407
1290
2114
1654
2099
1456
1422
2589
1243
1734
1469
1283
1888
1765
1392
1622
1324
1479
2283
1767
2037
1349
2357
1492
1914
1996
1374
1404
1269
1864
1324
1766
1328
1216
1358
1564
1739
1504
2202
1254
1559
1931
1590
1511
1681
1475
1461
1769
2562
1520
1232
1258
1701
2180
1431
1693
1945
1725
1455
1268
1414
1796
1368
1211
1313
1903
1728
1547
1431
1505
1948
1481
1593
1351
2042
1515
1196
1502
1611
1461
1322
1233
2135
1496
2131
1510
2015
1183
2038
1535
1216
2033
1411
2518
1782
1517
1459
1498
1545
1375
1908
1654
1326
2042
1503
1117
2120
1963
2086
1374
1462
1989
1386
1331
1657
2306
1976
1629
1877
1406
1429
1967
1826
1549
1175
1949
1849
1204
1581
1136
1171
1980
1746
1458
1075
2058
1516
2204
1397
1288
2184
1534
1895
1950
1613
1640
1359
1560
1234
1456
2228
1513
2027
1729
1395
1923
2134
1335
2184
1384
1873
1329
1333
1906
2363
1016
1855
1371
1472
2550
1415
1261
1360
2221
1363
1571
1608
1731
1605
1766
2021
1746
2183
1379
1681
2229
2216
2389
1614
1573
1503
1758
1395
1589
1915
1519
1540
2252
1673
1292
1732
1798
2048
1454
2380
1447
1673
2077
1307
1674
1462
1147
1417
1632
1231
1740
2310
1606
1565
2457
1617
1524
1427
1520
1074
1933
2009
1205
1350
1431
2299
1411
1393
1113
1490
1965
1440
1537
1344
1216
1310
1500
1571
1413
1588
2483
1802
1072
1444
1491
1499
1576
2161
1478
1524
2028
1723
2054
1273
1381
2165
1288
2016
1226
1508
2010
1422
1255
1385
1133
1368
1482
1321
1589
1436
1365
1984
1385
1179
1045
1745
1958
1521
1462
2176
1482
1667
1408
1317
1956
1558
1547
1202
1309
1971
1362
2148
1534
1979
1441
2174
1978
1570
1541
1143
1572
1203
1816
1492
1079
1402
1467
1225
2095
1450
1595
1411
1285
1793
1443
1634
2397
2301
1305
1004
1383
1595
2278
1624
2220
1557
1312
2269
1514
1273
1484
1332
1317
1481
1162
1302
2030
1540
2167
2054
1609
1708
1519
1955
1432
1501
1545
1725
1543
1375
1539
1512
1450
1320
2116
1526
1979
1489
2249
1503
1565
1399
1468
2590
1775
2112
1674
1340
1266
1534
1455
2207
1908
1405
1873
1586
1494
1432
1408
1617
1616
