2621
2199
2950
2792
2414
2787
2946
2575
2695
2614
2933
2185
3266
2582
2420
2303
3282
2850
2198
2617
2496
2236
2746
2205
2395
2424
2331
2478
2198
2368
2929
2382
2009
3429
2568
2335
1982
2966
2391
3412
3340
2267
2673
2673
2579
2230
2933
2787
2446
3278
2354
2258
3187
2438
2479
2593
2286
2652
2890
2402
2415
3077
2050
2553
2267
2159
2487
2287
2396
2978
2117
2171
2598
3146
3110
2145
2998
2959
2388
2794
2463
2757
3124
2380
2178
2434
2733
2185
2909
2232
2179
1921
2103
2103
2231
2347
2848
2398
2489
2658
2551
2378
2475
2039
2309
2208
3123
2302
2492
2361
2991
2557
2585
2369
2704
2400
1934
2875
2022
2414
2429
2084
2928
2625
3215
2351
3056
2359
1828
2647
2424
2517
2894
2599
2661
2400
2113
2954
2390
2019
1952
2381
2309
2579
1871
1994
2596
2247
2262
3274
1962
2125
2406
2582
2128
2542
2167
3233
2895
2424
2139
2166
3076
2383
2047
2446
2228
2727
2297
2578
2534
2229
2471
2861
2535
2332
2388
2492
2580
2276
2397
2313
2958
2266
2078
2465
2220
2292
2118
2124
