897015
891632
918127
935824
866347
598685
899647
901568
944732
1102234
919425
946469
889015
891830
853890
910599
883483
851672
888166
925180
885150
854792
1076627
911896
939515
1011417
2401613
686538
898262
763123
714196
886697
899867
751053
912421
898562
884331
882560
907685
905264
915485
934526
896516
915111
691578
910698
912678
884338
891233
810627
889860
888069
887542
887867
978416
932897
894078
904593
1251146
898711
837657
854575
910359
927824
1083696
720908
913466
934305
2720369
761200
677542
644167
918901
942717
886471
887295
837382
910699
902175
821205
2886190
985576
887667
901576
996747
903844
931091
319637
1419363
883607
882834
1121288
886325
1075509
868982
690598
907582
925506
914290
911472
911320
919101
911847
908780
914190
904518
1002240
882831
751516
913141
919732
910948
904767
823116
952448
904019
442279
908630
926551
903520
929110
888142
919200
932558
934055
940235
928096
925618
908716
930614
908930
939802
905738
896892
985458
950804
890858
911173
427698
742906
883033
904718
912842
901204
922721
471951
905516
918228
891807
894312
932882
936673
901938
932084
905965
883879
907634
919070
882435
899969
1121024
925728
1016185
904493
1089456
1311112
1071586
1037214
1108462
933381
998756
931934
852798
1061291
1086296
903473
954816
1002998
937364
955465
934382
934153
899932
1043497
1169448
908630
909761
904044
1006124
939487
1106523
1018210
904268
1073273
929354
926277
930140
1078164
933765
935151
937122
921975
1028038
934280
904293
904019
954758
909903
928007
908206
945633
1119449
965958
921144
2771201
888616
921866
923837
911522
693936
917428
929893
822924
912144
886572
916957
922015
911969
916206
910328
870265
914661
995505
898439
947765
926539
700095
915720
512370
919111
923934
901801
832474
956665
887567
904421
906661
903971
886821
906223
887395
907385
749918
933705
905201
791935
942145
932350
796022
815081
901876
883058
887268
882834
906040
910075
943652
678985
910524
960690
911497
880139
901054
919373
921042
1038918
887568
912196
911273
923547
401626
1029953
921693
903520
932211
888443
910801
932958
936236
918377
887595
787895
921701
897838
939837
914971
893035
935450
778427
808556
783051
913965
911393
826769
882359
956013
926979
913394
906073
1318690
924508
935824
913963
1084657
908855
950783
886497
1107514
3177240
935999
917232
3513386
891932
791877
937918
914449
905865
986990
878195
915759
1559271
2818921
892628
894297
888044
908935
911630
1013703
939827
912343
636349
276379
887570
914911
873361
887168
920074
1002324
926991
898958
886225
1368851
910774
518758
916383
608285
917903
888341
909055
918437
921317
895098
896019
929468
797981
887620
919775
802670
913888
905564
966357
464624
898234
936648
914400
2873334
909875
851667
894297
665183
886697
2825339
855578
919447
887517
1060118
904371
917229
898162
1019537
729061
887470
916159
937643
984713
908034
907956
933006
887819
887966
1272147
891233
909179
2670445
886746
883034
916009
891158
887221
921893
934990
788743
770761
886971
768793
891158
937746
945221
887892
885951
1082394
1057490
1072121
912320
916283
602321
886696
914189
740319
994230
919325
1167706
938382
799575
1034220
909703
1005521
887280
918012
917603
915370
812545
887345
977214
904593
813861
908183
882260
914968
891205
1020493
906412
912421
664879
943228
629710
887619
913317
885524
902424
916134
829754
927425
930317
888318
2764800
930255
861089
933881
903048
883580
942779
881958
882659
212079
680429
905541
910253
897980
1607285
901803
395669
1823207
886360
932284
1010129
903221
883904
973014
933680
934429
759513
905441
941559
908381
677255
905738
913057
907682
928208
911423
916433
905866
905598
617500
916284
883432
930764
850392
817159
901700
774749
915682
906041
807862
902946
886073
882859
911921
568874
134276
983851
924498
903944
278964
884753
920707
727244
912867
883208
909503
930604
887221
934329
904143
884204
888216
891779
808806
911298
882060
1003058
934629
887195
2795485
920368
904478
894746
893701
881861
1323194
1003367
854988
907160
915902
642775
863178
910225
880166
918427
1285504
914524
927187
1110152
912518
940535
907135
942901
990431
941209
921593
555878
887769
888167
886846
891058
908730
1089777
912603
914714
918934
812443
903745
928371
891805
891907
904995
917353
645137
928683
911647
915685
1348279
912245
902075
918848
931684
917898
908041
912979
890808
912246
912521
915934
908830
413939
902399
1677705
2681168
883233
938990
911869
887869
577525
923435
979290
998212
1236572
1000607
923959
781693
1103694
793963
803872
961823
800508
928046
891358
490511
939789
602405
709657
902199
872279
917179
726707
1290184
940261
2409370
885948
891582
913416
940285
887171
1235077
887495
1126082
887096
891779
678171
1002849
1016433
935121
907372
911048
904528
706013
1103374
928111
987944
908156
1532264
914622
916159
938292
916780
739515
942380
1213787
954219
884919
1095452
1135239
1073551
929694
1002090
942479
919150
916383
902101
740950
1037226
892354
856588
915235
890561
1063185
1012396
937945
1538859
902953
839200
945022
920346
619923
639796
883605
907253
908755
798470
975048
934554
911747
1338161
2872860
900580
891258
911769
891732
936872
906188
2660748
1697093
915884
756813
867568
886397
922764
910400
980094
881961
922217
921541
919622
882934
918848
905441
903972
2871036
937297
1117413
805322
956291
905042
883121
947914
966956
890485
891233
1515592
887545
771463
939113
920471
943518
888044
890884
769985
904668
913991
908837
908481
910127
994349
890711
910560
933482
935350
1120313
925304
1037700
927597
937992
919103
931812
934055
1104647
926836
926427
927872
1135137
1084008
936148
1146226
1040445
1101858
947450
1227861
1131309
1118813
925531
964191
1011721
926130
900181
940037
1570522
1084216
1069673
944473
936510
898534
1065079
1025513
921294
927600
895270
895744
991827
923944
899582
1153198
1023010
926599
1236367
922464
914389
1091951
921176
920795
967582
930040
949756
896393
916855
948735
945746
1100897
935949
922589
1053076
1048350
920056
1076937
900156
1041835
1081613
1069528
1030300
976954
1031544
919251
919111
923463
923819
984313
915660
1066204
919672
942878
993581
921054
924483
1045363
935090
1035864
928920
1101730
953783
948760
948812
1001398
947789
1284939
901501
864516
932211
1074311
930292
926252
917229
920121
923462
1058249
943577
1048088
1094279
943852
1015165
946719
1079005
895395
927375
1019639
1096540
894821
943752
926671
1051746
922689
896169
1018235
920595
938283
994349
1011848
936323
989740
1055843
929528
942347
1082880
895096
920920
873135
896094
923039
916705
919215
1064155
1311521
918734
1118703
896842
915438
1045723
817396
921279
1217258
895594
1030078
924583
989086
899757
895944
1046416
926851
995505
959540
923013
1057313
895594
1180654
1076719
