2618235
2163615
2230909
1897697
2119645
2136341
2118884
2178599
2192183
2183160
2297580
2401191
2918553
2369862
2063513
2149374
2046699
2164002
1263885
2143123
2205027
2363681
2429410
2060145
2186055
2133120
2120948
2134220
2035286
2002647
2208291
2154497
2214951
2142522
2146055
2141414
2014375
2068476
2211333
2188790
2015418
2120730
2335319
2077095
2164014
2138098
2260064
2459377
2130944
2273257
1850244
2117467
2078478
2108785
2218382
2170792
2149896
2247270
2049901
2156700
2097786
2193897
2168128
2132750
2176832
2118670
2059620
2154213
2110425
2175789
2182541
2059685
