258851
259924
260446
260421
273032
260995
258377
260124
259026
375395
259896
259897
258128
259473
258252
258577
258078
258552
258774
260445
307245
466543
258277
257057
259198
257930
285304
366215
317351
260097
257357
257231
258701
506848
297324
258699
284184
258228
295629
259872
257032
283403
258302
257554
258277
257382
366154
259275
268873
259772
258652
258152
287425
257556
417538
298666
259023
257082
286477
306971
259226
399772
298406
259225
260495
256930
289833
424469
286090
257878
258427
263934
293323
284797
400714
258624
324977
258202
256855
258901
259198
292485
258702
278767
259201
257703
288112
257429
284730
279066
269167
258801
325027
289932
260520
282265
258901
291203
289544
43795
92429
285169
257928
258177
257853
256431
256605
285568
256084
89337
258752
257005
257928
255587
255859
257354
257656
257329
258352
258327
256556
257728
307479
257529
257132
297683
258452
257454
288038
258253
268345
258524
258651
257628
417802
259448
257903
256458
258327
257204
282552
290107
258027
258502
257778
258502
257229
258153
435322
296935
257778
258976
257257
378731
412580
299155
303043
298406
259323
378741
294717
261966
258652
259049
257105
286369
257679
255877
363779
259401
258926
259301
257853
258252
257329
276773
178028
257579
296303
258452
285322
312640
171168
258924
378334
275869
258577
258152
257703
258427
259026
258202
258402
259846
258377
258253
260146
259747
258876
259500
164082
284012
259697
258427
258153
258727
258352
280735
258425
258527
259497
258402
258477
260745
257329
258626
257482
259273
275825
288920
233719
144539
254701
283003
258352
257454
258327
257404
258003
257231
249726
259797
285805
284547
258602
259326
258601
293321
258651
257654
27369
257357
82712
258377
259524
259575
284685
185466
257354
283075
256807
441590
257753
256383
281506
449071
256034
459080
257429
265157
267674
197953
259972
287897
274329
258128
256431
256308
289930
258102
291278
257529
275228
255435
257032
292950
267900
255710
255959
255336
257304
258901
257429
255684
390454
286377
256683
287390
256683
256958
3000
254986
254664
285621
258602
257082
279265
257679
257978
256730
256133
256630
256134
256359
295492
255559
257504
256755
189023
290678
257479
257554
257604
212251
289561
257554
307701
256730
257332
365343
256059
256982
256356
255210
256083
290631
256930
257604
257506
257403
255609
255909
256558
256358
255310
258477
257254
176209
256056
254340
254065
254936
255261
228667
289656
380630
254511
256333
257878
292700
255635
