500 4039 241322.75 242500.0 244418.0 1113898 244034.34
1000 14987 887792.0 910799.5 934305.0 4402044 933411.17
1500 334025 1738877.5 1985304.5 2177650.75 6631882 2117905.01
2000 2458608 3379518.0 3654766 4192473.0 6473030 3867334.62
2500 3793947 5439076.5 5781660 6316665.5 8451491 5891140.84
3000 5049585 7967541.0 8360134 9080854.0 10793742 8415319.13
3500 8690996 10852617.0 11299060.0 12248340.75 13329837 11383012.87
4000 11422558 14411506.0 15092477 15728195.0 17367066 14923777.91
4500 15971399 18206864.75 19264760.0 19855004.25 21454180 19016088.22
5000 22472639 22880269.5 23505239.5 24112649.0 24765251 23556675.58
5500 27706639 28006834.75 28745037.0 29417592.0 30601353 28819740.50
6000 32520130 32963314.0 34093150.0 34690049.25 35228205 33894159.50
6500 38675159 39110346.0 39893211.0 40720813.5 42676343 40074540.30
7000 42586237 44284959.0 45248632.5 46725249.0 48760401 45532341.86
7500 50113569 50248573.0 52203146 53095214.0 55060008 51906460.55
8000 54743105 59231541.25 60402325.5 61244329.5 64317990 60171778.93
8500 64426886 65458195.25 65974170.5 68098788.5 69366263 66546570.30
9000 72488499 74389640.75 75380530.0 76772068.5 77725150 75339540.30
9500 81908918 82831029.5 84119191.0 85220408.75 87390974 84150263.50
10000 89091426 91033444.0 93900907.5 94755668.25 95892757 93077787.00
