1377
1312
1334
2120
1104
1318
1403
1555
1544
1015
1435
1213
1376
1344
1368
1383
1927
1377
1694
2110
1386
1088
1492
933
1666
920
1193
1303
1434
1142
1301
1689
1609
949
1421
1286
1198
954
1032
1244
1673
1045
1322
1493
1167
1355
1901
1045
1210
1338
1226
1447
997
1472
996
966
1314
1852
1280
789
1458
1056
1296
1999
1099
1307
908
1740
991
1305
1298
1228
1639
1320
1303
1297
1278
1298
1300
1281
839
1313
1283
1821
1346
813
1765
993
1402
950
1267
1415
1033
1253
1438
1260
795
1493
920
1042
1336
1320
1083
1317
1413
1094
1183
1378
924
1681
935
1285
1607
1477
1216
1305
1331
1107
1699
907
1278
1336
1340
1491
932
1283
1613
1099
1341
1543
1110
1350
1936
1147
1304
1380
942
1839
1011
1317
1378
1549
1220
862
1307
1349
1741
1241
886
1266
1343
1888
1079
883
1817
1158
1345
1346
1330
1342
1162
1837
941
1301
1345
1349
1599
1336
820
2017
1162
853
1914
1087
1371
1241
952
1327
1348
1680
1180
1460
599
1248
1358
1154
1356
1126
1274
1275
1048
1345
1237
989
1586
1378
758
1125
1264
1209
1768
1123
971
1623
936
1673
929
1914
964
1502
953
1237
1577
991
1346
1803
981
1793
1130
1184
1430
984
1283
1367
1042
1353
1866
1352
827
1356
1787
1412
1245
874
1735
1107
1424
781
1271
1487
918
1708
956
1335
1345
1627
1138
1298
832
1151
1606
1109
1378
1252
1484
992
1435
1045
966
1359
1392
1163
1342
1339
1587
910
1326
2029
1126
1193
1524
1356
1242
1453
1129
1350
1733
1345
1287
1364
1099
911
2004
1294
1098
1152
1665
910
1331
1323
1537
986
1153
1792
1087
1200
1339
1926
1052
873
1333
2071
1160
1170
1801
818
1245
1345
1120
1756
1002
1485
908
1369
1498
1185
1349
1774
1196
903
1974
1162
1288
1042
1346
1255
1335
1258
1624
904
1279
1353
1493
1167
1353
2012
901
1077
1596
901
1662
1038
1353
1335
1314
1349
1166
1825
1190
1289
1225
1349
1233
1428
1100
1367
1373
1033
1860
1051
1438
986
1272
1324
1089
1354
1871
1045
1226
839
1354
1840
1353
1377
1086
1279
1557
914
1855
1358
1017
1118
1086
1716
989
1347
1846
1197
1027
1796
634
1436
1331
1476
1000
1090
1736
988
1450
929
1257
1395
1066
1343
1933
1272
1320
1389
886
1736
1038
1348
1326
1574
1292
975
1348
1342
1604
1279
1353
1187
1471
1055
1553
1216
799
1901
1083
687
999
1331
1285
1179
1347
1509
1746
793
1329
1330
1724
1114
1457
946
1741
1048
1347
980
1341
1569
985
1347
1446
1222
1348
1747
1178
1249
1145
1330
1181
1161
1240
1465
1580
926
1116
1699
1158
