1650
1877
2109
1863
2830
1926
2030
1741
2123
2938
1999
2527
2052
2340
1723
2173
1846
1986
1709
1648
1454
2379
2214
2041
1628
1731
2059
1756
2080
1942
2036
1673
1399
2277
1967
2007
2334
1715
2206
1997
1971
1979
1731
1921
1786
1609
1942
1868
2424
1772
1695
2184
1679
2061
1826
2625
1941
2003
2080
2022
2008
2279
1728
1660
1682
2110
1731
1892
2658
1821
1929
1804
2097
2035
2254
1673
2068
2466
2078
1792
1850
2315
2204
1656
1762
2060
2014
1870
2811
1671
1997
2126
2063
2013
2159
2002
2044
1689
1928
1783
2150
2414
1441
2279
1964
2231
1792
1778
1772
2012
1804
2089
2024
2498
1986
1952
2047
1843
2413
2268
2076
1746
1880
2765
2058
1999
1872
1647
2297
1788
1237
1741
1875
1710
2068
2721
1730
1784
1923
1838
2041
2069
2553
1603
2478
1564
2286
2320
2078
1648
2046
1745
2082
1924
2724
1779
1977
2006
2129
2200
1818
2109
1909
1756
1888
1858
2436
1628
1866
1882
1718
2718
1798
2295
1974
1968
2028
2214
2031
2054
1852
1767
2059
2120
1669
1709
1924
1904
2140
2062
2278
2184
1592
2051
2797
1781
2388
1687
2099
1984
1922
1963
2012
1792
1908
