2780
2848
3489
2871
2766
2929
3718
3170
2579
2834
2844
3300
1941
1854
2606
2801
2549
2676
2842
2788
2825
2547
2584
2712
2038
3011
2634
2822
3015
2763
3011
2953
2842
2646
3464
2389
3039
3163
2866
2742
2756
2953
3076
2265
2860
2705
3224
2615
2681
2481
3035
2399
3477
2903
2917
2979
2851
3040
2766
3226
2396
2826
3794
2664
2707
2686
2647
2857
3027
2806
2719
2735
2518
2914
2587
2967
2690
2672
3214
2973
2836
2805
2556
3502
3713
2992
2057
2919
2706
2645
2851
2812
2673
3234
2679
3182
2945
3018
2642
3688
2984
2974
2649
2967
2909
2981
2503
2674
2531
2910
2644
2715
2858
2918
1958
2711
2534
3211
2219
3369
2656
2517
2226
2689
2674
2062
2695
2877
2366
2854
2857
2786
2192
2355
3244
2343
2609
3349
2135
3157
2204
2891
2368
2894
2968
2488
2657
2797
2407
2327
2656
2872
2776
3255
