93
91
90
103
89
88
89
88
89
88
88
83
111
88
88
88
105
88
88
79
105
88
88
88
105
88
88
78
106
88
88
88
106
88
88
61
89
89
89
89
89
89
89
752
96
33
91
109
90
91
96
111
92
91
110
92
92
95
108
20
97
92
90
90
94
107
89
89
94
94
92
94
108
89
99
91
105
89
93
88
91
88
90
107
87
85
84
136
84
84
84
104
84
84
84
102
73
84
84
84
88
84
84
83
117
91
100
89
88
88
107
69
89
107
88
88
88
107
88
88
88
88
88
88
124
88
87
88
107
88
88
88
88
39
88
111
88
88
88
111
453
93
91
113
93
91
90
89
89
94
89
88
272
96
135
92
159
91
89
89
98
89
124
88
89
88
88
100
88
100
88
88
88
88
95
88
142
88
92
88
88
88
88
88
88
94
88
88
88
88
88
88
95
88
88
88
95
87
88
88
88
88
88
112
87
88
88
88
88
87
43
87
87
88
95
88
87
102
88
88
88
95
88
88
88
88
88
87
95
88
88
75
87
88
88
107
97
99
35
87
88
87
94
87
87
99
87
87
87
94
87
87
95
87
87
87
95
88
87
78
87
87
87
94
87
88
84
87
87
87
94
87
87
74
78
96
99
88
87
87
65
87
87
87
87
87
88
95
87
87
87
87
87
87
56
88
87
87
87
87
87
102
87
90
87
87
87
87
18
91
87
94
87
87
88
68
91
87
94
87
87
87
61
87
87
94
87
87
94
54
87
87
87
87
87
94
825
87
6
87
87
87
87
87
87
46
87
87
87
87
87
87
134
87
87
94
87
87
47
87
87
94
87
87
87
87
87
87
126
87
87
73
87
87
87
87
87
87
88
87
24
94
87
87
87
14
87
87
91
87
87
199
99
87
94
87
87
87
90
89
88
91
90
88
88
87
87
104
87
87
53
87
87
87
87
87
89
87
87
87
104
87
87
48
87
87
104
87
87
87
87
87
88
87
88
88
89
88
88
105
88
88
116
88
92
104
88
88
81
88
88
105
88
88
88
88
92
88
88
88
88
88
92
88
88
89
88
88
88
88
88
88
88
88
88
88
105
88
88
104
88
43
105
88
88
84
88
88
105
88
88
106
88
88
105
88
88
61
88
88
138
89
89
111
88
88
105
88
88
76
88
88
106
88
88
118
88
89
104
89
88
93
88
88
106
88
88
115
88
88
104
88
88
858
88
88
106
88
88
105
88
88
105
88
88
109
88
88
107
89
88
106
60
88
88
88
88
89
61
88
88
88
92
88
25
110
88
88
105
89
49
108
89
73
106
89
59
106
88
89
106
89
53
89
88
92
88
88
46
88
88
88
88
89
64
88
88
105
88
88
96
88
93
106
88
89
100
89
88
89
89
88
88
88
89
88
89
87
89
89
109
89
88
104
89
88
108
89
88
89
89
88
89
88
113
89
89
108
89
88
30
88
89
88
89
89
833
81
107
88
88
104
88
23
88
88
88
88
88
14
89
89
105
89
88
106
89
89
89
88
97
89
89
105
88
89
107
89
88
89
89
81
88
89
90
88
88
106
88
88
108
89
45
88
88
106
88
88
105
88
88
89
88
71
88
88
105
89
88
105
89
89
89
89
75
88
88
105
88
89
88
88
88
89
89
86
89
88
106
88
88
88
88
105
89
89
86
88
89
88
89
81
89
88
105
18
89
88
89
89
89
89
100
89
89
89
89
89
89
89
104
88
89
89
89
89
89
88
48
89
89
89
88
89
89
89
106
88
88
89
88
88
89
89
101
88
88
89
88
84
89
89
107
89
89
89
89
106
89
88
88
27
105
89
89
105
89
88
89
89
105
89
88
89
89
89
88
89
107
88
88
89
29
106
89
88
71
89
106
89
89
89
88
88
88
88
106
89
89
89
88
106
88
18
88
88
106
89
88
89
88
89
88
82
88
88
88
88
89
106
89
88
89
89
109
89
88
88
106
107
89
88
89
95
106
89
89
89
94
106
89
88
89
87
106
88
88
88
94
106
89
89
89
89
108
89
88
60
88
107
88
89
89
55
108
89
89
89
82
105
88
88
88
84
106
89
89
89
79
106
89
89
89
75
105
88
89
88
79
105
88
89
88
77
106
89
90
89
71
89
89
106
89
72
89
89
107
89
817
89
89
106
88
88
46
89
89
88
89
66
89
88
88
105
64
89
89
88
105
59
89
89
89
104
59
89
89
88
89
58
107
89
88
88
89
107
89
88
89
89
89
89
105
89
93
93
91
89
89
109
