410
408
438
365
383
401
393
401
395
401
382
394
410
401
394
262
392
400
382
387
385
360
432
391
408
385
390
384
389
395
389
1032
287
390
389
405
389
226
381
380
451
388
319
396
859
394
694
628
417
432
497
395
433
408
432
402
386
132
401
400
505
281
507
414
188
389
116
409
411
296
411
271
447
497
413
395
418
402
388
428
1090
69
414
408
56
386
405
402
408
146
399
402
148
400
382
383
434
352
406
229
201
401
957
93
403
403
404
404
259
400
413
425
393
384
404
373
402
195
405
432
1048
384
384
393
410
127
403
401
160
409
384
394
402
379
401
809
419
402
402
405
292
404
309
405
393
384
403
89
402
407
842
8
404
470
384
393
61
410
403
864
402
414
404
400
83
384
433
315
402
398
400
395
402
384
384
401
385
409
813
118
405
404
413
402
61
384
403
334
410
396
408
884
122
401
383
384
402
393
526
270
402
305
402
384
140
384
380
404
401
1055
410
407
435
402
58
384
383
379
401
144
408
410
852
400
517
396
389
383
392
379
391
389
390
391
391
382
382
390
296
391
484
391
395
391
385
381
389
387
388
382
389
387
380
381
25
388
388
1042
388
427
52
380
390
27
389
388
885
389
393
54
379
379
543
150
452
387
387
387
98
379
378
581
139
419
405
387
394
82
379
379
633
49
389
387
389
394
102
388
378
688
391
395
404
406
252
397
386
396
348
327
377
97
401
396
1021
398
401
398
400
153
398
381
25
386
910
199
402
401
401
439
412
402
104
399
382
392
383
403
400
361
424
393
404
216
400
401
400
90
383
382
382
400
375
400
399
400
867
223
402
296
403
384
384
383
36
402
462
402
402
403
407
1040
415
406
437
401
404
45
362
385
393
404
403
335
407
728
151
404
402
403
406
408
413
71
384
384
399
400
388
391
390
398
314
395
1114
405
391
100
389
136
266
381
389
1028
398
388
390
388
387
419
115
397
380
381
381
591
252
396
376
389
392
386
387
109
379
379
379
387
384
387
382
392
259
389
1050
376
379
379
379
387
302
393
389
387
388
387
393
387
388
388
379
373
388
385
385
388
385
286
393
498
388
382
377
386
373
384
130
389
386
387
624
387
393
385
386
376
399
389
419
352
387
397
390
290
385
452
377
382
378
387
372
390
968
99
391
387
387
387
79
378
377
377
399
473
387
290
391
384
388
909
91
394
391
386
376
377
390
70
386
389
387
387
987
422
386
387
387
31
379
379
379
394
353
391
380
393
224
1001
387
373
387
440
378
378
381
384
377
387
143
386
386
387
386
131
387
382
379
377
376
392
366
387
936
402
402
399
397
401
463
394
396
398
396
398
397
398
405
53
399
423
380
380
381
450
381
401
380
360
380
380
381
388
382
404
383
382
382
382
382
400
413
498
382
314
409
422
409
400
409
400
400
434
401
416
401
407
408
403
401
401
406
400
401
409
403
405
403
402
406
411
402
409
435
406
377
491
401
406
402
382
392
401
384
459
423
480
395
967
207
390
382
389
257
422
392
410
392
383
382
383
382
382
382
385
480
222
383
403
394
387
390
824
79
389
388
422
414
410
388
389
389
389
389
389
389
389
396
77
389
396
397
380
380
383
378
379
252
379
388
386
386
387
395
387
387
386
387
236
392
218
387
387
387
387
387
387
387
386
835
379
379
378
379
384
379
382
377
387
194
258
385
385
385
389
387
389
387
387
192
391
392
387
1002
175
387
317
387
437
387
379
379
387
379
379
378
379
379
386
30
387
387
387
166
260
389
348
389
387
390
387
386
387
387
387
386
386
126
387
313
387
461
386
369
418
386
379
388
378
379
388
387
379
379
379
177
339
378
357
387
387
386
387
386
387
386
418
386
393
386
387
387
387
386
391
386
387
386
387
387
387
390
386
393
387
392
222
226
387
286
394
401
387
386
387
387
387
387
387
387
520
422
400
399
396
1059
231
401
175
394
401
396
392
397
394
400
377
398
391
399
386
398
395
404
378
407
374
402
381
432
1115
77
397
365
382
364
392
362
382
363
392
353
382
376
398
387
401
359
398
1096
299
400
344
407
394
400
265
403
371
406
377
404
367
400
370
400
376
405
381
400
373
401
1072
129
384
353
384
353
387
83
712
398
399
400
418
409
320
407
474
401
396
405
402
401
209
404
363
405
370
403
369
404
368
401
363
382
360
383
348
384
185
191
400
314
401
395
401
302
403
486
398
395
406
394
401
186
401
366
417
351
401
1065
411
400
384
393
384
384
384
162
76
401
389
408
396
400
397
401
897
60
402
