702
878
1044
863
836
1100
792
180
755
683
866
891
875
865
856
882
874
867
865
861
1365
914
990
1006
759
886
888
883
597
857
871
874
888
892
845
956
885
880
872
1405
698
843
590
1216
895
876
651
870
980
490
833
880
794
866
865
904
887
1398
858
806
865
698
892
898
667
875
629
817
879
714
883
1021
864
875
801
878
900
835
1141
348
836
872
820
865
874
882
874
1178
917
877
866
873
754
1003
877
861
974
521
817
871
783
888
1069
886
889
726
877
887
871
1177
624
1293
978
729
670
785
856
596
866
1179
823
861
802
857
862
602
1003
584
802
863
778
858
855
880
852
1142
865
851
422
1224
892
628
377
849
947
605
815
853
861
856
855
859
859
850
846
887
845
859
846
853
842
825
887
857
1442
854
761
860
805
639
818
861
705
870
1019
846
794
861
808
594
852
1072
387
839
858
850
850
841
858
863
1083
851
854
354
1289
616
32
763
794
516
861
1038
867
387
864
1084
867
867
634
861
1040
894
839
889
737
489
862
859
853
1142
871
877
527
1273
823
877
920
678
866
974
569
849
875
665
875
886
1084
906
867
877
771
880
1087
857
865
883
872
868
901
951
563
622
633
457
875
875
1205
805
865
866
1162
839
875
875
683
777
1217
883
883
744
792
716
814
857
523
883
876
1253
738
948
864
979
909
876
879
669
875
1095
865
575
832
636
868
1613
785
885
573
545
876
878
1376
512
803
866
916
865
869
1117
899
745
722
1121
867
864
875
827
879
869
639
826
599
845
569
558
887
875
1214
931
797
1433
1900
415
864
883
895
883
772
1223
867
917
874
862
1075
54
861
855
670
861
1002
440
790
849
1150
829
825
858
456
870
857
782
824
1271
881
851
857
811
845
857
867
1020
511
837
872
724
865
849
1100
858
858
676
1276
858
883
410
852
852
1312
616
166
613
689
528
857
890
1036
846
846
850
858
761
1034
858
859
429
1040
915
854
859
306
850
849
1094
864
859
731
758
888
1168
859
866
866
745
857
903
610
410
858
903
1263
684
859
687
1242
851
857
858
713
863
1033
849
849
330
1206
857
145
920
862
849
1334
875
864
856
856
850
850
859
854
853
1092
857
875
914
860
850
444
772
1278
823
843
864
415
861
903
879
873
1025
867
870
867
1047
872
820
872
915
871
889
649
1085
883
871
871
871
402
873
863
1348
621
432
625
1351
558
647
455
879
889
908
881
1333
666
893
394
862
869
863
670
1250
850
862
862
579
865
1154
864
861
864
679
869
963
509
910
484
820
855
691
860
857
1054
850
850
902
745
854
1073
861
866
876
855
892
