1426
1519
1418
1972
1199
1674
1479
1333
2100
1584
1452
1569
1584
1838
1577
1379
1307
1317
1773
1433
2141
837
1113
1764
1865
924
1965
1219
1655
1761
925
1970
1178
1715
1524
1018
1365
2036
1494
1421
1128
1855
1164
1430
1221
1507
1603
941
1527
1323
2060
1587
1246
1270
1510
2206
836
1952
1532
1127
1769
924
1963
1274
1633
1536
979
1526
2117
1430
1337
1040
1322
1973
995
1363
1452
1591
1223
1685
1162
1506
2029
780
1296
1465
1546
2229
1334
1490
1535
1367
1428
1169
1513
1722
1421
902
2265
1323
1207
1494
1479
2032
1511
1307
1458
995
1983
1280
1390
843
1048
1554
2032
1142
1133
1503
2139
1380
1497
1510
1415
1736
828
1699
1256
1440
815
1545
1407
1127
1789
1467
1098
1363
1915
1402
1476
1313
1510
1549
1054
1345
1502
1505
1490
1497
1157
1504
2047
898
1379
1442
1609
2146
919
1104
2124
1249
1517
1033
1608
1003
1866
904
1934
1280
1605
1393
1442
2202
1403
1096
2151
1594
1209
1666
920
1768
1442
1593
1155
1037
1522
1370
1451
1110
1597
2135
1275
1482
1991
999
1656
1054
1524
2147
948
1953
1469
1372
1669
926
1968
1275
1606
876
26
1267
1177
1802
1477
1355
1479
1655
1364
1595
1620
1273
1531
1674
2098
891
1257
1491
1506
2143
1179
1938
1613
1202
1232
1391
1069
1547
1712
1479
1540
1651
1415
1397
1251
2056
1545
1686
984
1601
1080
1469
1980
983
1118
1520
2131
922
1487
2071
1087
1931
907
1950
1420
1417
1915
889
1943
1469
1897
1423
1395
1109
1316
1971
1298
1410
1047
1866
1258
1310
1363
1398
1614
1964
967
1277
1508
1914
1103
1663
1203
1533
1999
1545
1160
1639
1292
1529
1506
1368
1943
1233
1691
1617
1376
1145
1329
1991
1281
1460
1354
1433
1952
1380
2078
927
1246
1531
1525
2349
1431
1329
1701
1506
1707
1326
1303
1514
1788
1644
1203
1555
1460
1353
1208
2074
1368
1512
1322
1957
1263
1472
1552
1097
1517
1546
2000
1279
1117
1556
2157
1590
901
1543
1075
1157
1478
1374
1930
1246
1749
1336
1951
1058
1952
1400
1615
1309
1196
1519
1513
2036
1027
1209
2095
977
2181
950
1672
1380
1467
1801
926
1555
1434
1763
1352
1401
1510
1470
1587
1596
1263
1004
1823
1573
1552
1397
1428
1362
1898
1294
1923
1524
1522
1019
2075
940
1672
1105
2044
1324
1433
1257
1474
1615
1248
1400
1017
1513
1803
1426
1281
1064
1888
1470
1550
1365
1240
1501
1531
1915
993
1103
1510
2074
914
1711
1081
1505
2171
889
1936
1668
1297
1139
1592
1119
1482
1728
1169
1396
1038
1881
1500
1288
1427
996
1963
1356
1323
1424
1173
1544
1534
1363
1478
1050
1504
2076
1178
1278
1462
1550
2209
904
1928
1417
1377
1799
1290
1175
1786
1574
1545
1530
1523
1425
1529
1330
1575
915
1967
1428
1324
1867
1208
1608
1473
835
1828
1136
1508
1796
1425
1362
1722
1232
1359
1342
