2256
2575
1988
2937
2318
2273
2228
2471
3336
2649
2022
2388
2316
2854
2346
2150
2851
1964
2572
2118
2119
2830
2332
1833
2985
2121
2183
2367
2067
2397
2297
1960
2290
2633
2563
2311
1961
2527
2128
2380
2346
2544
2002
1996
2902
1841
2740
1929
2533
2155
2253
2355
2611
2386
2350
1947
1805
1971
1823
2526
2300
2152
2807
1827
2245
2561
1941
2986
1869
2265
2598
2397
2060
2391
2078
2364
1903
2479
2346
2449
2581
2121
1957
2559
2162
2430
1995
2385
1807
2692
2214
2540
1843
2249
2495
1962
2416
1766
2142
2615
2580
2291
1924
2046
2203
2356
2293
2728
1905
2344
2592
2652
2415
1864
2747
1921
2415
3116
2373
1827
2426
2092
2280
2131
1956
2743
1961
2363
2480
2473
2404
1749
2359
2989
1898
2608
2038
2242
2534
2004
2505
1948
1911
2619
2339
2064
2437
2457
2265
2575
1914
2058
2893
1794
2698
2220
2733
2172
1923
1904
2779
2202
2311
2261
2299
2112
2265
1864
2336
2846
1854
2616
2404
2223
1904
2768
2147
2266
1911
2437
2050
2456
1982
2614
1896
2300
2322
