2908
3659
3414
3805
3476
3326
4559
3782
3352
3237
3272
3429
2950
3626
3136
3463
3101
3496
3144
3284
3395
3065
2739
3258
3110
2936
3513
3433
3414
3136
3685
3088
3321
3301
2729
3442
2983
3445
2812
3582
3376
3483
3052
3449
3245
2853
3381
3673
3392
2956
3673
3052
3568
3125
3403
3112
3343
3103
2889
3580
3335
2931
2783
4112
2802
3374
3068
2935
3107
3616
3382
3528
2888
3226
2964
2939
3959
3335
3229
3017
3607
3072
2889
3296
2570
3031
2980
1094
3227
3144
3665
3255
3842
3470
3425
3108
3740
2802
3936
3470
3506
2867
3940
3508
2937
2834
3156
3609
2888
3839
3261
3368
3176
3388
3227
2887
3683
3872
3248
3314
3200
3571
2783
3288
3363
3431
3036
3602
3611
3274
2906
3967
3422
2975
3268
