103
103
123
111
99
100
99
111
99
101
59
109
99
98
98
109
100
99
111
99
98
100
110
98
98
99
98
100
98
110
98
98
98
102
98
98
110
98
98
34
109
100
98
98
98
98
115
143
98
98
100
98
98
113
109
98
98
110
98
98
83
109
98
98
98
100
98
102
49
98
98
98
98
98
98
88
98
98
100
98
99
98
107
98
98
98
98
26
98
110
98
57
98
102
98
98
110
99
94
111
99
98
99
110
99
123
110
103
98
98
101
98
38
109
98
98
98
98
98
83
141
98
98
111
98
98
47
99
98
99
112
99
98
109
99
99
101
99
99
204
104
101
112
99
99
101
99
108
99
355
99
100
99
118
104
103
101
100
102
103
99
99
108
99
99
99
136
104
101
99
99
99
88
104
101
109
99
99
107
105
100
117
103
99
145
100
103
111
99
98
98
148
99
99
110
99
99
126
99
98
99
98
98
98
114
103
99
111
99
98
106
101
99
100
100
100
99
115
112
110
117
100
100
114
100
100
112
100
100
66
104
99
99
99
99
99
100
99
99
111
101
99
95
103
100
115
99
99
98
98
99
99
101
98
99
112
99
98
114
99
98
113
99
102
120
102
99
113
99
99
110
99
98
115
98
98
98
98
98
99
98
98
98
101
154
111
108
98
98
98
95
98
98
98
98
102
98
101
104
98
98
109
100
104
110
99
99
110
101
102
111
99
99
110
99
99
141
99
99
111
102
98
110
99
99
109
98
99
109
99
98
98
99
98
101
98
98
98
119
99
100
98
101
99
101
